8.36853 0.665838 0.399503 -0.0943144 0.996256 0.597754
8.27447 1.3267 0.796018 -0.187625 0.985088 0.591053
8.11881 1.97769 1.18661 -0.278954 0.966684 0.58001
7.90318 2.61407 1.56844 -0.367381 0.941348 0.564809
7.6298 3.23137 1.93882 -0.452059 0.909491 0.545695
7.30143 3.8254 2.29524 -0.532236 0.871609 0.522965
6.92129 4.39231 2.63539 -0.60727 0.828268 0.496961
6.49299 4.92868 2.95721 -0.676635 0.780085 0.468051
6.02046 5.4315 3.2589 -0.739922 0.727705 0.436623
5.50784 5.89818 3.53891 -0.796841 0.671788 0.403073
4.95946 6.32658 3.79595 -0.847209 0.612985 0.367791
4.3797 6.71499 4.029 -0.890949 0.551931 0.331158
3.77299 7.06212 4.23727 -0.92807 0.48923 0.293538
3.14372 7.36706 4.42024 -0.958661 0.425449 0.255269
2.49619 7.62927 4.57756 -0.982875 0.361108 0.216665
1.83458 7.84853 4.70912 -1.00092 0.296682 0.178009
1.16294 8.02492 4.81495 -1.01303 0.232596 0.139557
0.48512 8.15881 4.89529 -1.0195 0.169224 0.101534
-0.19521 8.25079 4.95047 -1.02061 0.106895 0.0641373
-0.874585 8.30164 4.98098 -1.01668 0.0458946 0.0275367
-1.54975 8.31233 4.9874 -1.00802 -0.0135368 -0.00812209
-2.21764 8.28398 4.97039 -0.994947 -0.0711944 -0.0427167
-2.87544 8.21784 4.9307 -0.977763 -0.126908 -0.076145
-3.52049 8.11523 4.86914 -0.956772 -0.180539 -0.108324
-4.15036 7.97761 4.78656 -0.932264 -0.231975 -0.139185
-4.76279 7.80644 4.68387 -0.904519 -0.281125 -0.168675
-5.35573 7.60329 4.56198 -0.873799 -0.327922 -0.196753
-5.92726 7.36975 4.42185 -0.840357 -0.372314 -0.223388
-6.47566 7.10742 4.26445 -0.804427 -0.414262 -0.248557
-6.99933 6.81794 4.09076 -0.766231 -0.453743 -0.272246
-7.49685 6.50297 3.90178 -0.725978 -0.490739 -0.294443
-7.96689 6.16417 3.6985 -0.683863 -0.525244 -0.315147
-8.40829 5.8032 3.48192 -0.640067 -0.557257 -0.334354
-8.81999 5.42171 3.25303 -0.59476 -0.586781 -0.352068
-9.20101 5.02137 3.01282 -0.548103 -0.613822 -0.368293
-9.55053 4.60383 2.7623 -0.500243 -0.638392 -0.383035
-9.86777 4.17073 2.50244 -0.451323 -0.660501 -0.396301
-10.1521 3.7237 2.23422 -0.401472 -0.680161 -0.408097
-10.4029 3.26438 1.95863 -0.350816 -0.697385 -0.418431
-10.6197 2.79439 1.67663 -0.299472 -0.712184 -0.427311
-10.8021 2.31533 1.3892 -0.247554 -0.72457 -0.434742
-10.9497 1.82883 1.0973 -0.195169 -0.734551 -0.440731
-11.0622 1.33646 0.801876 -0.14242 -0.742137 -0.445282
-11.1395 0.839835 0.503901 -0.0894101 -0.747334 -0.448401
-11.1814 0.34054 0.204324 -0.0362363 -0.750147 -0.450088
-11.1878 -0.159836 -0.0959018 0.0170034 -0.750577 -0.450346
-11.1587 -0.659705 -0.395823 0.0702121 -0.748625 -0.449175
-11.0942 -1.15748 -0.694487 0.123293 -0.74429 -0.446574
-10.9944 -1.65157 -0.99094 0.176147 -0.737568 -0.442541
-10.8594 -2.14038 -1.28423 0.228675 -0.728452 -0.437071
-10.6896 -2.62231 -1.57338 0.280774 -0.716936 -0.430162
-10.4852 -3.09576 -1.85746 0.332338 -0.70301 -0.421806
-10.2466 -3.55912 -2.13547 0.383255 -0.686664 -0.411998
-9.97433 -4.01078 -2.40647 0.433411 -0.667885 -0.400731
-9.66891 -4.4491 -2.66946 0.482682 -0.646662 -0.387997
-9.33098 -4.87245 -2.92347 0.53094 -0.622983 -0.37379
-8.96124 -5.2792 -3.16752 0.578049 -0.596836 -0.358101
-8.56053 -5.66768 -3.40061 0.623861 -0.56821 -0.340926
-8.12975 -6.03626 -3.62176 0.668221 -0.537097 -0.322258
-7.66992 -6.38326 -3.82996 0.710964 -0.503493 -0.302096
-7.18219 -6.70703 -4.02422 0.751911 -0.467396 -0.280438
-6.66781 -7.00591 -4.20355 0.790873 -0.428812 -0.257287
-6.12818 -7.27824 -4.36694 0.827646 -0.387754 -0.232652
-5.56481 -7.52237 -4.51342 0.862013 -0.344241 -0.206545
-4.97941 -7.73669 -4.64201 0.893744 -0.298309 -0.178985
-4.37379 -7.91959 -4.75176 0.922594 -0.250002 -0.150001
-3.74997 -8.06951 -4.84171 0.948303 -0.199384 -0.11963
-3.11014 -8.18494 -4.91097 0.970597 -0.146535 -0.0879211
-2.45666 -8.26442 -4.95865 0.989191 -0.09156 -0.054936
-1.7921 -8.30658 -4.98395 1.00379 -0.0345875 -0.0207525
-1.11922 -8.31013 -4.98608 1.01408 0.0242238 0.0145343
-0.441011 -8.27392 -4.96435 1.01976 0.0846827 0.0508096
0.239361 -8.19691 -4.91814 1.0205 0.146561 0.0879365
0.918498 -8.07824 -4.84695 1.016 0.20959 0.125754
1.59281 -7.91726 -4.75036 1.00596 0.273459 0.164075
2.25849 -7.71352 -4.62811 0.990091 0.337808 0.202685
2.91158 -7.46684 -4.4801 0.968135 0.40223 0.241338
3.54794 -7.1773 -4.30638 0.93987 0.46627 0.279762
4.16331 -6.84534 -4.1072 0.905124 0.529424 0.317654
4.75331 -6.47172 -3.88303 0.863783 0.59114 0.354684
5.31355 -6.0576 -3.63456 0.815807 0.650828 0.390497
5.8396 -5.60453 -3.36272 0.761241 0.707862 0.424717
6.32711 -5.11451 -3.06871 0.70023 0.761596 0.456958
6.77186 -4.58995 -2.75397 0.633022 0.811371 0.486823
7.16985 -4.0337 -2.42022 0.559984 0.856535 0.513921
7.51732 -3.44906 -2.06944 0.481599 0.896458 0.537875
7.81093 -2.83971 -1.70383 0.398469 0.930555 0.558333
8.04772 -2.20973 -1.32584 0.311306 0.9583 0.57498
8.22529 -1.56348 -0.93809 0.220925 0.979251 0.587551
8.34178 -0.905638 -0.543383 0.128222 0.993064 0.595838
8.39595 -0.241031 -0.144618 0.0341569 0.999506 0.599704
8.38724 0.425381 0.255228 -0.0602725 0.998469 0.599082
8.31573 1.08861 0.653166 -0.154059 0.989971 0.593982
8.18219 1.74372 1.04623 -0.246213 0.974154 0.584492
7.98802 2.38592 1.43155 -0.335791 0.951284 0.57077
7.73523 3.01062 1.80637 -0.421915 0.921732 0.553039
7.42641 3.61352 2.16811 -0.503798 0.885968 0.531581
7.06459 4.19066 2.51439 -0.580758 0.844533 0.50672
6.65328 4.73844 2.84307 -0.652226 0.798029 0.478817
6.19628 5.25372 3.15223 -0.71775 0.747092 0.448255
5.69767 5.73373 3.44024 -0.776997 0.692379 0.415427
5.16172 6.1762 3.70572 -0.829749 0.634546 0.380728
4.5928 6.57925 3.94755 -0.875889 0.574236 0.344541
3.99534 6.94144 4.16486 -0.915397 0.512064 0.307239
3.37373 7.26172 4.35703 -0.948336 0.448613 0.269168
2.73232 7.53943 4.52366 -0.974835 0.384418 0.230651
2.07533 7.77423 4.66454 -0.995083 0.319973 0.191984
1.40687 7.9661 4.77966 -1.00931 0.255718 0.153431
0.730854 8.11532 4.86919 -1.01779 0.192049 0.115229
0.0510239 8.22238 4.93343 -1.02081 0.129309 0.0775854
-0.629081 8.288 4.9728 -1.01867 0.0677988 0.0406793
-1.30613 8.31311 4.98786 -1.01168 0.00777503 0.00466502
-1.97699 8.29875 4.97925 -1.00017 -0.0505447 -0.0303268
-2.63875 8.24613 4.94768 -0.984432 -0.106979 -0.0641872
-3.2887 8.15656 4.89394 -0.964785 -0.161377 -0.096826
-3.92433 8.03144 4.81887 -0.941518 -0.213617 -0.12817
-4.54332 7.87224 4.72334 -0.914913 -0.263603 -0.158162
-5.14354 7.68049 4.60829 -0.885241 -0.311257 -0.186754
-5.72303 7.45776 4.47466 -0.852757 -0.356524 -0.213914
-6.27999 7.20566 4.3234 -0.817702 -0.399359 -0.239616
-6.81278 6.92583 4.1555 -0.780302 -0.439735 -0.263841
-7.31992 6.6199 3.97194 -0.740772 -0.477631 -0.286578
-7.80005 6.28953 3.77372 -0.69931 -0.513038 -0.307823
-8.25195 5.9364 3.56184 -0.656103 -0.545952 -0.327571
-8.67451 5.56215 3.33729 -0.611325 -0.576375 -0.345825
-9.06674 5.16845 3.10107 -0.56514 -0.604314 -0.362588
-9.42776 4.75694 2.85417 -0.5177 -0.629777 -0.377866
-9.75677 4.32929 2.59757 -0.469149 -0.652775 -0.391665
-10.0531 3.88712 2.33227 -0.419621 -0.67332 -0.403992
-10.3161 3.43206 2.05924 -0.369243 -0.691425 -0.414855
-10.5452 2.96575 1.77945 -0.318137 -0.7071 -0.42426
-10.7401 2.4898 1.49388 -0.266415 -0.720358 -0.432215
-10.9003 2.00581 1.20348 -0.214188 -0.731209 -0.438726
-11.0256 1.51538 0.909228 -0.16156 -0.739662 -0.443797
-11.1157 1.02012 0.612069 -0.108634 -0.745723 -0.447434
-11.1704 0.521607 0.312964 -0.0555093 -0.749399 -0.449639
-11.1897 0.0214416 0.012865 -0.00228335 -0.750692 -0.450415
-11.1735 -0.478792 -0.287275 0.0509467 -0.749603 -0.449762
-11.1218 -0.977505 -0.586503 0.104084 -0.746132 -0.447679
-11.0347 -1.47311 -0.883865 0.157031 -0.740275 -0.444165
-10.9125 -1.96401 -1.17841 0.209688 -0.732028 -0.439217
-10.7552 -2.44862 -1.46917 0.261953 -0.721382 -0.432829
-10.5633 -2.92533 -1.7552 0.313722 -0.708331 -0.424999
-10.3371 -3.39253 -2.03552 0.364886 -0.692863 -0.415718
-10.0769 -3.84861 -2.30916 0.41533 -0.674968 -0.404981
-9.78348 -4.29195 -2.57517 0.464936 -0.654632 -0.392779
-9.45725 -4.72091 -2.83255 0.513575 -0.631845 -0.379107
-9.09895 -5.13386 -3.08032 0.561116 -0.606594 -0.363956
-8.70937 -5.52916 -3.31749 0.607414 -0.578868 -0.347321
-8.28937 -5.90514 -3.54308 0.652318 -0.548658 -0.329195
-7.83995 -6.26015 -3.75609 0.695667 -0.515958 -0.309575
-7.3622 -6.59253 -3.95552 0.737285 -0.480765 -0.288459
-6.85732 -6.90062 -4.14037 0.776989 -0.443082 -0.265849
-6.32668 -7.18276 -4.30966 0.814578 -0.402919 -0.241752
-5.77173 -7.4373 -4.46238 0.849843 -0.360294 -0.216177
-5.19411 -7.66261 -4.59757 0.882557 -0.315235 -0.189141
-4.5956 -7.85709 -4.71425 0.91248 -0.267784 -0.16067
-3.97814 -8.01914 -4.81149 0.939358 -0.217996 -0.130798
-3.34386 -8.14725 -4.88835 0.962922 -0.165946 -0.0995678
-2.69504 -8.23992 -4.94395 0.982891 -0.11173 -0.0670378
-2.03419 -8.29577 -4.97746 0.998972 -0.0554657 -0.0332794
-1.364 -8.31346 -4.98807 1.01086 0.00269811 0.00161886
-0.687372 -8.29179 -4.97507 1.01825 0.0625828 0.0375497
-0.00740472 -8.22968 -4.93781 1.02082 0.123974 0.0743844
0.672582 -8.12621 -4.87573 1.01825 0.186619 0.111971
1.34907 -7.98064 -4.78838 1.01026 0.25022 0.150132
2.01833 -7.79244 -4.67547 0.996533 0.314438 0.188663
2.67645 -7.56134 -4.5368 0.976812 0.378883 0.22733
3.31936 -7.28731 -4.37239 0.950859 0.443117 0.26587
3.94284 -6.97067 -4.1824 0.91848 0.506652 0.303991
4.54255 -6.61204 -3.96723 0.879541 0.568955 0.341373
5.11409 -6.21246 -3.72747 0.833972 0.629448 0.377669
5.65305 -5.77331 -3.46399 0.781786 0.687518 0.412511
6.15503 -5.29644 -3.17787 0.723091 0.742524 0.445514
6.61577 -4.7841 -2.87046 0.658096 0.79381 0.476286
7.03117 -4.239 -2.5434 0.587125 0.840721 0.504432
7.39738 -3.66425 -2.19855 0.510617 0.882615 0.529569
7.71089 -3.06342 -1.83805 0.429133 0.918889 0.551334
7.9686 -2.44043 -1.46426 0.343346 0.948994 0.569397
8.1679 -1.79957 -1.07974 0.254034 0.972455 0.583473
8.30673 -1.14538 -0.687229 0.162067 0.988891 0.593334
8.38361 -0.482661 -0.289597 0.0683835 0.998026 0.598816
8.39775 0.18367 0.110202 -0.0260286 0.999708 0.599825
8.34897 0.848626 0.509175 -0.120163 0.993907 0.596344
8.23781 1.50724 0.904346 -0.21302 0.980722 0.588433
8.06544 2.15467 1.2928 -0.303636 0.960374 0.576224
7.83366 2.78623 1.67174 -0.391108 0.933198 0.559919
7.54484 3.39752 2.03851 -0.474614 0.89963 0.539778
7.20188 3.98444 2.39066 -0.553432 0.860187 0.516112
6.80811 4.54326 2.72596 -0.62695 0.815451 0.489271
6.36723 5.07067 3.0424 -0.694675 0.766049 0.459629
5.88325 5.56378 3.33827 -0.756231 0.712631 0.427579
5.36035 6.02011 3.61207 -0.811358 0.655856 0.393514
4.80289 6.43765 3.86259 -0.859904 0.596373 0.357824
4.21528 6.81482 4.08889 -0.901816 0.534809 0.320886
3.60193 7.15041 4.29024 -0.937127 0.471759 0.283055
2.96722 7.44362 4.46617 -0.965944 0.407776 0.244666
2.31541 7.69402 4.61641 -0.988436 0.343369 0.206021
1.65065 7.90146 4.74088 -1.00482 0.278998 0.167399
0.976941 8.06612 4.83967 -1.01535 0.215075 0.129045
0.298079 8.18841 4.91305 -1.02032 0.151962 0.0911771
-0.38232 8.26898 4.96139 -1.02001 0.0899744 0.0539846
-1.06085 8.30869 4.98521 -1.01475 0.0293849 0.0176309
-1.7343 8.30853 4.98512 -1.00485 -0.0295754 -0.0177452
-2.39969 8.26966 4.9618 -0.99061 -0.086712 -0.0520272
-3.05422 8.19335 4.91601 -0.97235 -0.141864 -0.0851183
-3.69533 8.08098 4.84859 -0.950364 -0.194899 -0.11694
-4.32062 7.93398 4.76039 -0.92494 -0.245713 -0.147428
-4.92789 7.75387 4.65232 -0.896352 -0.294221 -0.176532
-5.51512 7.54221 4.52533 -0.864862 -0.340359 -0.204216
-6.08045 7.30059 4.38036 -0.830714 -0.384081 -0.230449
-6.6222 7.03065 4.21839 -0.794141 -0.425352 -0.255211
-7.13882 6.73401 4.0404 -0.755362 -0.464149 -0.27849
-7.62891 6.41233 3.8474 -0.71458 -0.50046 -0.300276
-8.0912 6.06728 3.64037 -0.671987 -0.534279 -0.320568
-8.52454 5.70051 3.4203 -0.627761 -0.565607 -0.339364
-8.92789 5.31368 3.18821 -0.58207 -0.594447 -0.356668
-9.30034 4.90846 2.94508 -0.53507 -0.620808 -0.372485
-9.64106 4.48648 2.69189 -0.486907 -0.6447 -0.38682
-9.94933 4.0494 2.42964 -0.43772 -0.666134 -0.399681
-10.2245 3.59884 2.15931 -0.387638 -0.685124 -0.411074
-10.466 3.13644 1.88186 -0.336784 -0.70168 -0.421008
-10.6734 2.6638 1.59828 -0.285274 -0.715815 -0.429489
-10.8463 2.18255 1.30953 -0.233219 -0.72754 -0.436524
-10.9843 1.69428 1.01657 -0.180726 -0.736863 -0.442118
-11.0872 1.20059 0.720356 -0.127898 -0.743792 -0.446275
-11.1547 0.703083 0.42185 -0.0748351 -0.748335 -0.449001
-11.1869 0.203339 0.122003 -0.0216358 -0.750493 -0.450296
-11.1836 -0.297051 -0.17823 0.0316029 -0.75027 -0.450162
-11.1448 -0.796497 -0.477898 0.0847841 -0.747665 -0.448599
-11.0706 -1.29341 -0.776048 0.13781 -0.742676 -0.445606
-10.9611 -1.78621 -1.07172 0.190583 -0.735299 -0.441179
-10.8165 -2.27328 -1.36397 0.243002 -0.725526 -0.435316
-10.6372 -2.75305 -1.65183 0.294963 -0.713351 -0.428011
-10.4234 -3.22389 -1.93433 0.346359 -0.698764 -0.419258
-10.1755 -3.6842 -2.21052 0.397077 -0.681752 -0.409051
-9.89411 -4.13235 -2.47941 0.447001 -0.662306 -0.397384
-9.57972 -4.56673 -2.74004 0.496006 -0.640412 -0.384247
-9.233 -4.9857 -2.99142 0.543961 -0.616059 -0.369635
-8.8547 -5.3876 -3.23256 0.590727 -0.589235 -0.353541
-8.44566 -5.77079 -3.46248 0.636156 -0.559929 -0.335958
-8.00682 -6.13362 -3.68017 0.680089 -0.528136 -0.316882
-7.53924 -6.47443 -3.88466 0.722356 -0.49385 -0.29631
-7.04409 -6.79154 -4.07492 0.762778 -0.457073 -0.274244
-6.52265 -7.08331 -4.24998 0.801159 -0.417812 -0.250687
-5.97637 -7.34808 -4.40885 0.837294 -0.37608 -0.225648
-5.4068 -7.58421 -4.55052 0.870963 -0.331904 -0.199142
-4.81568 -7.79008 -4.67405 0.901929 -0.285318 -0.171191
-4.20488 -7.96411 -4.77847 0.929944 -0.236373 -0.141824
-3.57646 -8.10474 -4.86284 0.954745 -0.185138 -0.111083
-2.93266 -8.21047 -4.92628 0.976056 -0.131698 -0.0790187
-2.27589 -8.27987 -4.96792 0.993585 -0.0761643 -0.0456986
-1.60878 -8.31159 -4.98695 1.00703 -0.0186738 -0.0112043
-0.934143 -8.30437 -4.98262 1.0161 0.0406065 0.0243639
-0.25502 -8.25709 -4.95426 1.02045 0.101476 0.0608854
0.425354 -8.16877 -4.90126 1.0198 0.163695 0.098217
1.10353 -8.0386 -4.82316 1.01381 0.226984 0.136191
1.77586 -7.86596 -4.71958 1.0022 0.291019 0.174612
2.4385 -7.65048 -4.59029 0.984695 0.355429 0.213257
3.08742 -7.39206 -4.43524 0.961035 0.419792 0.251875
3.71847 -7.09087 -4.25452 0.931014 0.48364 0.290184
4.32733 -6.74743 -4.04846 0.894475 0.546455 0.327873
4.90964 -6.36262 -3.81757 0.851323 0.607675 0.364605
5.46096 -5.93769 -3.56261 0.801539 0.666699 0.400019
5.97691 -5.47431 -3.28459 0.745196 0.722894 0.433737
6.45314 -4.9746 -2.98476 0.682464 0.77561 0.465366
6.8855 -4.44108 -2.66465 0.613625 0.824188 0.494513
7.27004 -3.87674 -2.32604 0.539076 0.86798 0.520788
7.60312 -3.28497 -1.97098 0.459333 0.906367 0.54382
7.88148 -2.66957 -1.60174 0.375028 0.938776 0.563266
8.10231 -2.0347 -1.22082 0.286905 0.964705 0.578823
8.26336 -1.38482 -0.830894 0.1958 0.983736 0.590242
8.36292 -0.72465 -0.43479 0.102631 0.995554 0.597332
8.39996 -0.0590604 -0.0354363 0.00836989 0.99996 0.599976
8.37406 0.606971 0.364183 -0.0859807 0.996879 0.598127
8.28552 1.26846 0.761079 -0.179415 0.986363 0.591818
8.13526 1.92052 1.15231 -0.270955 0.968591 0.581154
7.92487 2.55838 1.53503 -0.35967 0.943856 0.566314
7.65652 3.17754 1.90652 -0.444708 0.912561 0.547536
7.33291 3.77378 2.26427 -0.525308 0.875193 0.525116
6.95724 4.34324 2.60595 -0.600819 0.832315 0.499389
6.53307 4.88245 2.92947 -0.670702 0.784539 0.470723
6.06431 5.38836 3.23301 -0.73454 0.732508 0.439505
5.55509 5.85834 3.515 -0.792031 0.676881 0.406129
5.00972 6.29022 3.77413 -0.842984 0.618312 0.370987
4.43258 6.68224 4.00935 -0.887313 0.557436 0.334462
3.8281 7.03309 4.21985 -0.925019 0.494862 0.296917
3.20067 7.34181 4.40509 -0.956184 0.431158 0.258695
2.5546 7.60784 4.5647 -0.980957 0.366851 0.220111
1.8941 7.83092 4.69855 -0.999539 0.302418 0.181451
1.2232 8.01113 4.80668 -1.01217 0.238288 0.142973
0.545786 8.14879 4.88928 -1.01913 0.174842 0.104905
-0.134455 8.24448 4.94669 -1.02071 0.112412 0.0674471
-0.814042 8.29897 4.97938 -1.01722 0.0512852 0.0307711
-1.4897 8.31321 4.98792 -1.00897 -0.00829208 -0.00497525
-2.15835 8.2883 4.97298 -0.996275 -0.0661125 -0.0396675
-2.81715 8.22549 4.93529 -0.979446 -0.122003 -0.073202
-3.46344 8.12609 4.87566 -0.958785 -0.175823 -0.105494
-4.09475 7.99154 4.79492 -0.934582 -0.227456 -0.136473
-4.70883 7.82332 4.69399 -0.907117 -0.276811 -0.166087
-5.30358 7.62298 4.57379 -0.876655 -0.323819 -0.194291
-5.8771 7.3921 4.43526 -0.843449 -0.368425 -0.221055
-6.42763 7.13229 4.27937 -0.807735 -0.410591 -0.246355
-6.95358 6.84519 4.10711 -0.769736 -0.450292 -0.270175
-7.45349 6.53245 3.91947 -0.729662 -0.487509 -0.292506
-7.92605 6.19572 3.71743 -0.687709 -0.522237 -0.313342
-8.37006 5.83668 3.50201 -0.644059 -0.554471 -0.332683
-8.78446 5.45698 3.27419 -0.598885 -0.584217 -0.35053
-9.16828 5.05827 3.03496 -0.552345 -0.61148 -0.366888
-9.52065 4.64222 2.78533 -0.504591 -0.63627 -0.381762
-9.84083 4.21046 2.52627 -0.455763 -0.658599 -0.395159
-10.1281 3.76463 2.25878 -0.405994 -0.678478 -0.407087
-10.382 3.30636 1.98381 -0.355408 -0.69592 -0.417552
-10.6019 2.83727 1.70236 -0.304125 -0.710936 -0.426562
-10.7873 2.35897 1.41538 -0.252257 -0.723538 -0.434123
-10.9381 1.87308 1.12385 -0.199913 -0.733736 -0.440242
-11.0538 1.38119 0.828712 -0.147197 -0.741538 -0.444923
-11.1343 0.884889 0.530933 -0.094209 -0.74695 -0.44817
-11.1794 0.385778 0.231467 -0.0410492 -0.749978 -0.449987
-11.189 -0.114557 -0.0687342 0.0121853 -0.750623 -0.450374
-11.1632 -0.614529 -0.368717 0.0653976 -0.748887 -0.449332
-11.1018 -1.11255 -0.667529 0.118491 -0.744769 -0.446861
-11.0052 -1.60703 -0.964217 0.171367 -0.738263 -0.442958
-10.8734 -2.09637 -1.25782 0.223925 -0.729365 -0.437619
-10.7067 -2.57899 -1.54739 0.276064 -0.718068 -0.430841
-10.5055 -3.05327 -1.83196 0.327678 -0.704362 -0.422617
-10.27 -3.5176 -2.11056 0.378656 -0.688237 -0.412942
-10.0007 -3.97038 -2.38223 0.428882 -0.669681 -0.401808
-9.69832 -4.40997 -2.64598 0.478236 -0.648682 -0.389209
-9.36332 -4.83475 -2.90085 0.526589 -0.625228 -0.375137
-8.99645 -5.24307 -3.14584 0.573805 -0.599307 -0.359584
-8.59852 -5.63328 -3.37997 0.619739 -0.570909 -0.342545
-8.17045 -6.00373 -3.60224 0.664236 -0.540025 -0.324015
-7.71323 -6.35276 -3.81166 0.707131 -0.506649 -0.30399
-7.228 -6.67871 -4.00723 0.748247 -0.470782 -0.282469
-6.716 -6.97992 -4.18795 0.787396 -0.432427 -0.259456
-6.17861 -7.25473 -4.35284 0.824375 -0.391595 -0.234957
-5.61736 -7.50151 -4.5009 0.858969 -0.348309 -0.208985
-5.0339 -7.71861 -4.63117 0.890949 -0.302598 -0.181559
-4.43005 -7.90444 -4.74267 0.920071 -0.254509 -0.152705
-3.80782 -8.05744 -4.83446 0.946077 -0.204101 -0.122461
-3.16936 -8.17608 -4.90565 0.968694 -0.151456 -0.0908733
-2.51704 -8.25891 -4.95534 0.987638 -0.096673 -0.0580038
-1.85339 -8.30453 -4.98272 1.00261 -0.0398804 -0.0239282
-1.18117 -8.31167 -4.987 1.01331 0.0187668 0.0112601
-0.503321 -8.27914 -4.96748 1.01942 0.0790803 0.0474482
0.176982 -8.20591 -4.92355 1.02063 0.140836 0.0845014
0.85637 -8.0911 -4.85466 1.01663 0.203768 0.122261
1.53127 -7.93402 -4.76041 1.00711 0.267571 0.160542
2.1979 -7.73422 -4.64053 0.991785 0.331888 0.199133
2.85231 -7.49148 -4.49489 0.970398 0.396319 0.237791
3.49037 -7.20587 -4.32352 0.942723 0.460411 0.276247
4.10784 -6.87778 -4.12667 0.90858 0.523665 0.314199
4.70035 -6.50795 -3.90477 0.86785 0.585535 0.351321
5.2635 -6.0975 -3.6585 0.820486 0.645431 0.387259
5.79287 -5.64795 -3.38877 0.766525 0.702734 0.421641
6.2841 -5.16124 -3.09674 0.706101 0.756797 0.454078
6.73296 -4.63975 -2.78385 0.639454 0.806961 0.484177
7.13541 -4.0863 -2.45178 0.566938 0.852575 0.511545
7.48768 -3.50413 -2.10248 0.489027 0.893004 0.535803
7.78638 -2.8969 -1.73814 0.40631 0.927659 0.556596
8.02852 -2.26865 -1.36119 0.319491 0.956009 0.573605
8.21164 -1.62372 -0.974231 0.229374 0.977602 0.586561
8.33382 -0.966751 -0.580051 0.13685 0.992084 0.59525
8.39378 -0.302569 -0.181541 0.0428742 0.999213 0.599528
8.39088 0.363878 0.218327 -0.0515592 0.998868 0.599321
8.32516 1.0276 0.616561 -0.145443 0.991055 0.594633
8.1973 1.68366 1.0102 -0.237784 0.975907 0.585544
8.00867 2.32724 1.39635 -0.327633 0.953676 0.572205
7.76121 2.95374 1.77224 -0.414107 0.924726 0.554835
7.45745 3.55882 2.13529 -0.496409 0.889516 0.53371
7.10041 4.1385 2.4831 -0.573847 0.848584 0.50915
6.69353 4.68914 2.81348 -0.64584 0.802525 0.481515
6.2406 5.20754 3.12452 -0.711927 0.751974 0.451184
5.74568 5.69092 3.41455 -0.771765 0.697586 0.418551
5.21301 6.13695 3.68217 -0.825122 0.640018 0.384011
4.64698 6.54372 3.92623 -0.871876 0.579914 0.347948
4.05198 6.90975 4.14585 -0.911996 0.517893 0.310736
3.43244 7.23395 4.34037 -0.945538 0.45454 0.272724
2.79269 7.51563 4.50938 -0.972627 0.390397 0.234238
2.13699 7.75442 4.65265 -0.993445 0.325959 0.195575
1.46944 7.95028 4.77017 -1.00822 0.261673 0.157004
0.793972 8.10344 4.86206 -1.01722 0.197937 0.118762
0.114353 8.21439 4.92864 -1.02073 0.1351 0.0810601
-0.565861 8.28384 4.97031 -1.01906 0.0734675 0.0440805
-1.24332 8.31268 4.98761 -1.01251 0.0132988 0.00797928
-1.91487 8.30195 4.98117 -1.00141 -0.0451847 -0.0271108
-2.57759 8.25285 4.95171 -0.986056 -0.101798 -0.0610788
-3.22874 8.16667 4.9 -0.966762 -0.156388 -0.0938331
-3.8658 8.0448 4.82688 -0.943821 -0.208832 -0.125299
-4.48643 7.88872 4.73323 -0.917518 -0.259028 -0.155417
-5.08848 7.69995 4.61997 -0.888123 -0.306901 -0.18414
-5.66997 7.48005 4.48803 -0.855893 -0.35239 -0.211434
-6.2291 7.23063 4.33838 -0.82107 -0.395451 -0.237271
-6.76421 6.95333 4.172 -0.783883 -0.436055 -0.261633
-7.27381 6.64977 3.98986 -0.744545 -0.474182 -0.284509
-7.75651 6.32163 3.79298 -0.703258 -0.50982 -0.305892
-8.2111 5.97057 3.58234 -0.66021 -0.542965 -0.325779
-8.63644 5.59823 3.35894 -0.615574 -0.57362 -0.344172
-9.03155 5.20629 3.12377 -0.569517 -0.60179 -0.361074
-9.39552 4.79639 2.87783 -0.522191 -0.627483 -0.37649
-9.72756 4.37019 2.62211 -0.473742 -0.650711 -0.390426
-10.027 3.92932 2.35759 -0.424303 -0.671484 -0.40289
-10.2931 3.47541 2.08525 -0.374003 -0.689816 -0.41389
-10.5255 3.0101 1.80606 -0.322963 -0.705718 -0.423431
-10.7236 2.53499 1.52099 -0.271297 -0.719202 -0.431521
-10.8871 2.05169 1.23102 -0.219116 -0.730279 -0.438167
-11.0157 1.56181 0.937087 -0.166525 -0.738956 -0.443374
-11.1091 1.06694 0.640167 -0.113626 -0.745242 -0.447145
-11.1671 0.568681 0.341209 -0.0605189 -0.749142 -0.449485
-11.1897 0.068613 0.0411678 -0.0073016 -0.750659 -0.450395
-11.1768 -0.431673 -0.259004 0.045929 -0.749795 -0.449877
-11.1285 -0.930589 -0.558354 0.099076 -0.746549 -0.447929
-11.0448 -1.42655 -0.855928 0.152042 -0.740918 -0.444551
-10.9258 -1.91795 -1.15077 0.204727 -0.732897 -0.439738
-10.7719 -2.40321 -1.44193 0.257031 -0.722479 -0.433487
-10.5832 -2.88073 -1.72844 0.308848 -0.709656 -0.425794
-10.3602 -3.34889 -2.00933 0.360071 -0.694418 -0.416651
-10.1033 -3.80609 -2.28365 0.410586 -0.676754 -0.406052
-9.81296 -4.25069 -2.55041 0.460273 -0.656651 -0.393991
-9.48981 -4.68108 -2.80865 0.509007 -0.634098 -0.380459
-9.13453 -5.09561 -3.05737 0.556654 -0.609082 -0.365449
-8.74788 -5.49264 -3.29559 0.603074 -0.581593 -0.348956
-8.33073 -5.87052 -3.52231 0.648115 -0.55162 -0.330972
-7.88406 -6.22759 -3.73655 0.691615 -0.519158 -0.311495
-7.40895 -6.56218 -3.93731 0.733403 -0.484204 -0.290522
-6.90661 -6.87264 -4.12359 0.773295 -0.44676 -0.268056
-6.37835 -7.15731 -4.29439 0.811092 -0.406834 -0.244101
-5.82566 -7.41454 -4.44873 0.846585 -0.364445 -0.218667
-5.25013 -7.6427 -4.58562 0.87955 -0.319618 -0.191771
-4.65354 -7.84017 -4.7041 0.909747 -0.272395 -0.163437
-4.0378 -8.00538 -4.80323 0.936925 -0.222829 -0.133698
-3.40503 -8.13678 -4.88207 0.960815 -0.170994 -0.102596
-2.7575 -8.23289 -4.93973 0.981138 -0.116982 -0.0701893
-2.09769 -8.29229 -4.97538 0.997601 -0.0609105 -0.0365463
-1.42828 -8.31368 -4.98821 1.0099 -0.00292378 -0.00175427
-0.752145 -8.29581 -4.97748 1.01773 0.0568022 0.0340813
-0.0723653 -8.2376 -4.94256 1.02077 0.118057 0.070834
0.60776 -8.13811 -4.88287 1.01872 0.18059 0.108354
1.28473 -7.99659 -4.79795 1.01125 0.244111 0.146467
1.95483 -7.81249 -4.68749 0.998086 0.308283 0.18497
2.61419 -7.58549 -4.55129 0.978951 0.372721 0.223633
3.25873 -7.31556 -4.38933 0.953603 0.436992 0.262195
3.88424 -7.00297 -4.20178 0.921848 0.500613 0.300368
4.48641 -6.64833 -3.989 0.883543 0.563055 0.337833
5.06083 -6.25262 -3.75157 0.838611 0.623744 0.374247
5.60309 -5.8172 -3.49032 0.787059 0.682071 0.409242
6.1088 -5.34385 -3.20631 0.728983 0.737396 0.442438
6.57367 -4.83481 -2.90089 0.664583 0.789065 0.473439
6.99358 -4.29272 -2.57563 0.594171 0.836421 0.501852
7.36466 -3.72068 -2.23241 0.518176 0.878821 0.527293
7.68336 -3.12219 -1.87331 0.437146 0.915658 0.549395
7.94655 -2.50115 -1.50069 0.351744 0.946375 0.567825
8.15156 -1.86182 -1.11709 0.262738 0.970491 0.582295
8.29626 -1.20872 -0.725229 0.170991 0.987614 0.592569
8.37914 -0.54661 -0.327966 0.0774348 0.99746 0.598476
8.39933 0.119583 0.0717497 -0.0169463 0.999861 0.599917
8.35659 0.784881 0.470928 -0.111146 0.994778 0.596867
8.25139 1.44431 0.866589 -0.204165 0.982296 0.589378
8.08485 2.09302 1.25581 -0.295033 0.962625 0.577575
7.8587 2.7263 1.63578 -0.38284 0.936091 0.561655
7.57526 3.33971 2.00383 -0.466757 0.903119 0.541871
7.23738 3.92914 2.35749 -0.546051 0.864219 0.518531
6.84835 4.49082 2.69449 -0.6201 0.819969 0.491981
6.41185 5.02139 3.01283 -0.688398 0.770991 0.462594
5.93185 5.51791 3.31074 -0.750559 0.717934 0.430761
5.41253 5.97788 3.58673 -0.806312 0.661458 0.396875
4.85822 6.39924 3.83954 -0.855495 0.602211 0.361327
4.27334 6.78036 4.06821 -0.898045 0.540825 0.324495
3.66229 7.12 4.272 -0.933988 0.477896 0.286738
3.02946 7.41734 4.4504 -0.963425 0.413984 0.24839
2.37913 7.67188 4.60313 -0.986518 0.3496 0.20976
1.71546 7.88347 4.73008 -1.00348 0.285211 0.171126
1.04245 8.05225 4.83135 -1.01457 0.221231 0.132739
0.363938 8.17862 4.90717 -1.02006 0.158028 0.0948169
-0.316456 8.2632 4.95792 -1.02025 0.0959225 0.0575535
-0.995297 8.30683 4.9841 -1.01546 0.03519 0.021114
-1.66937 8.31048 4.98629 -1.00599 -0.023934 -0.0143604
-2.33565 8.27532 4.96519 -0.992158 -0.0812519 -0.0487511
-2.99135 8.20259 4.92155 -0.974276 -0.136599 -0.0819596
-3.63386 8.09365 4.85619 -0.95264 -0.189842 -0.113905
-4.26077 7.94995 4.76997 -0.92754 -0.240873 -0.144524
-4.86988 7.773 4.6638 -0.899249 -0.289605 -0.173763
-5.45913 7.56434 4.5386 -0.868031 -0.335973 -0.201584
-6.02666 7.32557 4.39534 -0.834133 -0.379929 -0.227957
-6.57077 7.05831 4.23498 -0.797789 -0.421437 -0.252862
-7.08989 6.7642 4.05852 -0.759217 -0.460474 -0.276284
-7.58261 6.44489 3.86693 -0.718624 -0.497025 -0.298215
-8.04765 6.10205 3.66123 -0.676201 -0.531085 -0.318651
-8.48385 5.73733 3.4424 -0.63213 -0.562653 -0.337592
-8.89017 5.35239 3.21144 -0.586577 -0.591734 -0.35504
-9.26567 4.9489 2.96934 -0.539701 -0.618334 -0.371001
-9.60951 4.52849 2.7171 -0.491648 -0.642465 -0.385479
-9.92097 4.09282 2.45569 -0.442558 -0.664138 -0.398483
-10.1994 3.64351 2.18611 -0.392561 -0.683364 -0.410019
-10.4442 3.1822 1.90932 -0.34178 -0.700157 -0.420094
-10.655 2.71051 1.6263 -0.290332 -0.714527 -0.428716
-10.8312 2.23003 1.33802 -0.238329 -0.726487 -0.435892
-10.9726 1.74239 1.04543 -0.185878 -0.736044 -0.441626
-11.079 1.24917 0.7495 -0.133081 -0.743207 -0.445924
-11.15 0.751969 0.451181 -0.08004 -0.747983 -0.44879
-11.1857 0.252382 0.151429 -0.0268529 -0.750374 -0.450225
-11.1858 -0.248006 -0.148804 0.026383 -0.750385 -0.450231
-11.1505 -0.747607 -0.448564 0.0795709 -0.748014 -0.448808
-11.0797 -1.24483 -0.7469 0.132614 -0.743259 -0.445956
-10.9737 -1.73809 -1.04286 0.185413 -0.736117 -0.44167
-10.8326 -2.2258 -1.33548 0.237867 -0.726581 -0.435948
-10.6567 -2.70634 -1.6238 0.289875 -0.714643 -0.428786
-10.4462 -3.17812 -1.90687 0.341328 -0.700293 -0.420176
-10.2017 -3.63953 -2.18372 0.392115 -0.683522 -0.410113
-9.92358 -4.08895 -2.45337 0.442119 -0.664317 -0.39859
-9.61241 -4.52475 -2.71485 0.491218 -0.642666 -0.3856
-9.26885 -4.94529 -2.96718 0.53928 -0.618557 -0.371134
-8.89363 -5.34895 -3.20937 0.586167 -0.591978 -0.355187
-8.48759 -5.73405 -3.44043 0.631731 -0.56292 -0.337752
-8.05165 -6.09896 -3.65937 0.675816 -0.531374 -0.318824
-7.58686 -6.442 -3.8652 0.718254 -0.497336 -0.298402
-7.09438 -6.76152 -4.05691 0.758863 -0.460807 -0.276484
-6.57548 -7.05586 -4.23352 0.797453 -0.421793 -0.253076
-6.0316 -7.32337 -4.39402 0.833818 -0.380307 -0.228184
-5.46427 -7.5624 -4.53744 0.867738 -0.336373 -0.201824
-4.8752 -7.77133 -4.6628 0.898981 -0.290026 -0.174016
-4.26627 -7.94857 -4.76914 0.927298 -0.241315 -0.144789
-3.6395 -8.09257 -4.85554 0.952428 -0.190305 -0.114183
-2.99713 -8.20182 -4.92109 0.974096 -0.137082 -0.0822493
-2.34154 -8.27488 -4.96493 0.992012 -0.0817534 -0.0490521
-1.67534 -8.31039 -4.98623 1.00588 -0.0244531 -0.0146719
-1.00133 -8.30709 -4.98425 1.01539 0.0346549 0.020793
-0.322518 -8.26383 -4.9583 1.02023 0.0953732 0.0572239
0.357873 -8.17961 -4.90777 1.02008 0.157467 0.0944802
1.03642 -8.05362 -4.83217 1.01464 0.220661 0.132396
1.70949 -7.88523 -4.73114 1.0036 0.284634 0.17078
2.37326 -7.67402 -4.60441 0.986693 0.349021 0.209413
3.02372 -7.41986 -4.45192 0.963656 0.413406 0.248043
3.65673 -7.12291 -4.27375 0.934277 0.477324 0.286394
4.26799 -6.78365 -4.07019 0.898394 0.540263 0.324158
4.85312 -6.4029 -3.84174 0.855904 0.601664 0.360999
5.40772 -5.9819 -3.58914 0.806781 0.660932 0.396559
5.92738 -5.52227 -3.31336 0.751088 0.717436 0.430461
6.40775 -5.02607 -3.01564 0.688985 0.770525 0.462315
6.84466 -4.4958 -2.69748 0.620741 0.819542 0.491725
7.23413 -3.93439 -2.36064 0.546744 0.863838 0.518303
7.57249 -3.3452 -2.00712 0.467496 0.902788 0.541673
7.85644 -2.73199 -1.63919 0.38362 0.935816 0.56149
8.08312 -2.09887 -1.25932 0.295845 0.962411 0.577446
8.25022 -1.45029 -0.870174 0.205003 0.982145 0.589287
8.35598 -0.790935 -0.474561 0.112001 0.994694 0.596816
8.39929 -0.12567 -0.0754023 0.0178088 0.999845 0.599907
8.37968 0.540535 0.324321 -0.0765737 0.997512 0.598507
8.29737 1.2027 0.721618 -0.17014 0.987734 0.592641
8.15323 1.8559 1.11354 -0.261907 0.970677 0.582406
7.94877 2.49538 1.49723 -0.350941 0.946624 0.567974
7.68611 3.11661 1.86996 -0.436378 0.915966 0.549579
7.3679 3.71532 2.22919 -0.51745 0.879184 0.52751
6.99729 4.28762 2.57257 -0.593493 0.836833 0.5021
6.57781 4.83 2.898 -0.663957 0.789521 0.473712
6.11334 5.33936 3.20361 -0.728413 0.737889 0.442734
5.608 5.81304 3.48782 -0.786548 0.682596 0.409558
5.06606 6.24882 3.74929 -0.83816 0.624295 0.374577
4.49192 6.64491 3.98695 -0.883152 0.563626 0.338176
3.88999 6.99994 4.19996 -0.921518 0.501199 0.30072
3.26467 7.31292 4.38775 -0.953333 0.437588 0.262553
2.6203 7.58325 4.54995 -0.978739 0.373322 0.223993
1.96106 7.81065 4.68639 -0.997931 0.308885 0.185331
1.29104 7.99515 4.79709 -1.01115 0.24471 0.146826
0.614125 8.13707 4.88224 -1.01867 0.181183 0.10871
-0.0659843 8.23695 4.94217 -1.02077 0.11864 0.0711839
-0.74578 8.29555 4.97733 -1.01778 0.0573736 0.0344241
-1.42196 8.31379 4.98827 -1.00999 -0.00236641 -0.00141984
-2.09145 8.29278 4.97567 -0.997733 -0.060369 -0.0362214
-2.75136 8.23372 4.94023 -0.981308 -0.116458 -0.0698748
-3.39901 8.13796 4.88277 -0.961021 -0.170489 -0.102293
-4.03193 8.00689 4.80413 -0.937163 -0.222344 -0.133406
-4.64783 7.842 4.7052 -0.910017 -0.27193 -0.163158
-5.24462 7.64483 4.5869 -0.879848 -0.319175 -0.191505
-5.82036 7.41697 4.45018 -0.846909 -0.364023 -0.218414
-6.37328 7.16001 4.29601 -0.81144 -0.406435 -0.243861
-6.90177 6.8756 4.12536 -0.773665 -0.446383 -0.26783
-7.40437 6.56538 3.93923 -0.733794 -0.48385 -0.29031
-7.87974 6.23102 3.73861 -0.692024 -0.518827 -0.311296
-8.32669 5.87416 3.5245 -0.648541 -0.551312 -0.330787
-8.74413 5.49648 3.29789 -0.603516 -0.581307 -0.348784
-9.13108 5.09964 3.05978 -0.55711 -0.60882 -0.365292
-9.48667 4.68527 2.81116 -0.509475 -0.633859 -0.380315
-9.81014 4.25503 2.55302 -0.460753 -0.656435 -0.393861
-10.1008 3.81056 2.28634 -0.411076 -0.676561 -0.405937
-10.3581 3.35349 2.01209 -0.360571 -0.694249 -0.416549
-10.5814 2.88543 1.73126 -0.309357 -0.70951 -0.425706
-10.7704 2.40801 1.4448 -0.257547 -0.722356 -0.433414
-10.9247 1.92282 1.15369 -0.205249 -0.732797 -0.439678
-11.044 1.43147 0.858884 -0.152569 -0.740841 -0.444505
-11.1281 0.935559 0.561335 -0.0996075 -0.746496 -0.447898
-11.1768 0.43667 0.262002 -0.0464639 -0.749766 -0.44986
-11.19 -0.0636049 -0.0381629 0.00676423 -0.750654 -0.450392
-11.1677 -0.563678 -0.338207 0.05998 -0.749161 -0.449496
-11.11 -1.06196 -0.637177 0.113087 -0.745285 -0.447171
-11.017 -1.55687 -0.93412 0.165986 -0.739023 -0.443414
-10.8888 -2.0468 -1.22808 0.218578 -0.730371 -0.438222
-10.7257 -2.53017 -1.5181 0.270762 -0.719319 -0.431592
-10.5279 -3.00536 -1.80322 0.322431 -0.70586 -0.423516
-10.2959 -3.47078 -2.08247 0.373476 -0.689983 -0.41399
-10.0301 -3.9248 -2.35488 0.423782 -0.671677 -0.403006
-9.73103 -4.36581 -2.61949 0.473228 -0.65093 -0.390558
-9.39934 -4.79217 -2.8753 0.521687 -0.627729 -0.376637
-9.0357 -5.20224 -3.12134 0.569022 -0.602062 -0.361237
-8.64092 -5.59437 -3.35662 0.615092 -0.57392 -0.344352
-8.21589 -5.96692 -3.58015 0.65974 -0.543292 -0.325975
-7.76161 -6.31821 -3.79093 0.702805 -0.510175 -0.306105
-7.2792 -6.6466 -3.98796 0.744109 -0.474564 -0.284739
-6.76989 -6.95042 -4.17025 0.783467 -0.436466 -0.26188
-6.23505 -7.22801 -4.33681 0.820676 -0.39589 -0.237534
-5.67618 -7.47773 -4.48664 0.855523 -0.352857 -0.211714
-5.09492 -7.69795 -4.61877 0.887781 -0.307396 -0.184437
-4.49309 -7.88706 -4.73224 0.917206 -0.259551 -0.15573
-3.87266 -8.0435 -4.8261 0.943543 -0.209381 -0.125629
-3.23578 -8.16574 -4.89944 0.96652 -0.156964 -0.0941784
-2.58477 -8.25231 -4.95139 0.985854 -0.102399 -0.0614393
-1.92217 -8.30182 -4.98109 1.00125 -0.0458095 -0.0274857
-1.25071 -8.31297 -4.98778 1.0124 0.0126518 0.00759107
-0.573308 -8.28458 -4.97075 1.019 0.0728002 0.0436801
0.106885 -8.21558 -4.92935 1.02073 0.134415 0.0806492
0.78652 -8.10509 -4.86305 1.01728 0.197237 0.118342
1.46204 -7.9524 -4.77144 1.00834 0.260962 0.156577
2.1297 -7.75701 -4.65421 0.993628 0.325241 0.195144
2.78554 -7.5187 -4.51122 0.972879 0.389676 0.233806
3.42548 -7.23751 -4.3425 0.945863 0.453823 0.272294
4.04527 -6.91378 -4.14827 0.912396 0.517184 0.310311
4.64056 -6.54822 -3.92893 0.872352 0.57922 0.347532
5.20694 -6.14191 -3.68514 0.825676 0.639346 0.383608
5.73999 -5.69632 -3.41779 0.772395 0.696943 0.418166
6.23536 -5.21335 -3.12801 0.712633 0.751369 0.450821
6.68879 -4.69534 -2.8172 0.646618 0.801964 0.481179
7.09621 -4.14505 -2.48703 0.574693 0.848076 0.508846
7.45384 -3.5657 -2.13942 0.497318 0.889068 0.533441
7.75822 -2.9609 -1.77654 0.415072 0.924345 0.554607
8.00634 -2.33463 -1.40078 0.328646 0.953369 0.572021
8.19566 -1.69122 -1.01473 0.238836 0.975679 0.585407
8.32423 -1.03529 -0.621173 0.146522 0.99091 0.594546
8.39068 -0.371633 -0.22298 0.0526557 0.998809 0.599286
8.39432 0.294804 0.176882 -0.0417725 0.999241 0.599545
8.33509 0.959034 0.57542 -0.135755 0.9922 0.59532
8.21363 1.61611 0.969665 -0.228297 0.977803 0.586682
8.03122 2.2612 1.35672 -0.318443 0.956293 0.573776
7.78977 2.88967 1.7338 -0.405301 0.928022 0.556813
7.49173 3.49716 2.0983 -0.488067 0.893441 0.536064
7.14008 4.07964 2.44779 -0.566036 0.853078 0.511847
6.73821 4.63345 2.78007 -0.638615 0.807525 0.484515
6.28989 5.15534 3.0932 -0.705331 0.757414 0.454448
5.79915 5.64247 3.38548 -0.765828 0.703397 0.422038
5.27022 6.09248 3.65549 -0.819865 0.646132 0.387679
4.70746 6.50341 3.90205 -0.867306 0.586266 0.35176
4.11528 6.87374 4.12424 -0.908114 0.52442 0.314652
3.4981 7.20233 4.3214 -0.942335 0.461183 0.27671
2.86026 7.48846 4.49308 -0.970086 0.397101 0.238261
2.20604 7.73173 4.63904 -0.991547 0.332675 0.199605
1.53954 7.93206 4.75923 -1.00694 0.268357 0.161014
0.864732 8.08965 4.85379 -1.01653 0.20455 0.12273
0.185386 8.20498 4.92299 -1.0206 0.141609 0.0849651
-0.494917 8.27873 4.96724 -1.01945 0.0798405 0.0479043
-1.1728 8.31176 4.98706 -1.0134 0.0195112 0.0117067
-1.84511 8.30511 4.98307 -1.00276 -0.0391544 -0.0234927
-2.50887 8.25997 4.95598 -0.987837 -0.0959678 -0.0575807
-3.16135 8.1776 4.90656 -0.968943 -0.150773 -0.0904638
-3.79998 8.05941 4.83565 -0.946371 -0.203443 -0.122066
-4.42243 7.90684 4.74411 -0.920409 -0.253876 -0.152326
-5.02651 7.72142 4.63285 -0.891327 -0.301992 -0.181195
-5.61023 7.50471 4.50283 -0.859384 -0.34773 -0.208638
-6.17178 7.25832 4.35499 -0.824823 -0.391045 -0.234627
-6.70947 6.98386 4.19032 -0.787876 -0.431906 -0.259143
-7.2218 6.68299 4.00979 -0.748756 -0.47029 -0.282174
-7.70738 6.35736 3.81441 -0.707667 -0.506188 -0.303713
-8.16497 6.00862 3.60517 -0.664797 -0.539593 -0.323756
-8.59343 5.63845 3.38307 -0.620323 -0.570507 -0.342304
-8.99175 5.2485 3.1491 -0.574411 -0.598936 -0.359362
-9.35903 4.84042 2.90425 -0.527214 -0.624888 -0.374933
-9.69445 4.41586 2.64951 -0.478879 -0.648372 -0.389023
-9.99732 3.97646 2.38588 -0.429541 -0.669402 -0.401641
-10.267 3.52386 2.11432 -0.379329 -0.687989 -0.412794
-10.5029 3.05968 1.83581 -0.328364 -0.704146 -0.422488
-10.7047 2.58553 1.55132 -0.276762 -0.717883 -0.43073
-10.8718 2.10303 1.26182 -0.224634 -0.729212 -0.437527
-11.0041 1.61378 0.968266 -0.172084 -0.738142 -0.442885
-11.1012 1.11937 0.671621 -0.119216 -0.744679 -0.446808
-11.163 0.621396 0.372838 -0.0661295 -0.74883 -0.449298
-11.1893 0.121452 0.0728711 -0.0129224 -0.750599 -0.450359
-11.1802 -0.378878 -0.227327 0.0403081 -0.749986 -0.449992
-11.1356 -0.878005 -0.526803 0.0934653 -0.746992 -0.448195
-11.0556 -1.37434 -0.824605 0.146452 -0.741613 -0.444968
-10.9404 -1.8663 -1.11978 0.199168 -0.733846 -0.440307
-10.7902 -2.35228 -1.41137 0.251514 -0.723683 -0.43421
-10.6052 -2.83068 -1.69841 0.303385 -0.711116 -0.426669
-10.3858 -3.2999 -1.97994 0.354673 -0.696135 -0.417681
-10.1324 -3.75832 -2.25499 0.405265 -0.678729 -0.407237
-9.8456 -4.20433 -2.5226 0.455043 -0.658887 -0.395332
-9.5259 -4.6363 -2.78178 0.503881 -0.636595 -0.381957
-9.17399 -5.05258 -3.03155 0.551648 -0.611842 -0.367105
-8.79064 -5.45154 -3.27093 0.598202 -0.584618 -0.350771
-8.37669 -5.83153 -3.49892 0.643394 -0.554911 -0.332947
-7.93311 -6.19088 -3.71453 0.687063 -0.522716 -0.313629
-7.46098 -6.52793 -3.91676 0.729039 -0.488028 -0.292817
-6.96147 -6.84103 -4.10462 0.769139 -0.45085 -0.27051
-6.43591 -7.12852 -4.27711 0.807167 -0.41119 -0.246714
-5.88575 -7.38874 -4.43324 0.842913 -0.369064 -0.221438
-5.31258 -7.62006 -4.57204 0.876156 -0.324498 -0.194699
-4.71814 -7.82087 -4.69252 0.906659 -0.27753 -0.166518
-4.10436 -7.98958 -4.79375 0.934168 -0.228214 -0.136928
-3.4733 -8.12465 -4.87479 0.958421 -0.176619 -0.105971
-2.82724 -8.22459 -4.93475 0.979137 -0.122837 -0.0737022
-2.16863 -8.28797 -4.97278 0.996025 -0.0669816 -0.040189
-1.50012 -8.31347 -4.98808 1.00878 -0.00919455 -0.00551673
-0.824568 -8.29984 -4.97991 1.0171 0.050352 0.0302112
-0.145033 -8.24599 -4.94759 1.02067 0.111451 0.0668707
0.53521 -8.15095 -4.89057 1.01917 0.173858 0.104315
1.21268 -8.01395 -4.80837 1.0123 0.237285 0.142371
1.88369 -7.83442 -4.70065 0.999761 0.301402 0.180841
2.54438 -7.61201 -4.56721 0.981276 0.365828 0.219497
3.19069 -7.34667 -4.408 0.956605 0.430135 0.258081
3.81844 -7.03863 -4.22318 0.925545 0.493847 0.296308
4.42331 -6.68845 -4.01307 0.887947 0.556439 0.333863
5.0009 -6.29708 -3.77825 0.843729 0.617341 0.370405
5.54681 -5.86584 -3.5195 0.792886 0.675948 0.405569
6.05664 -5.39646 -3.23788 0.735504 0.731623 0.438974
6.52608 -4.89113 -2.93468 0.671772 0.783713 0.470228
6.95099 -4.35245 -2.61147 0.601989 0.83156 0.498936
7.32748 -3.78347 -2.27008 0.526573 0.87452 0.524712
7.65196 -3.18764 -1.91258 0.446057 0.911979 0.547187
7.92124 -2.56884 -1.5413 0.361094 0.943376 0.566026
8.1326 -1.93126 -1.15875 0.272439 0.96822 0.580932
8.28386 -1.27942 -0.767649 0.180947 0.986109 0.591665
8.37344 -0.618051 -0.370831 0.0875432 0.996746 0.598048
8.40038 0.047934 0.0287604 -0.00679267 0.999952 0.599971
8.3644 0.71356 0.428136 -0.101056 0.995671 0.597403
8.26588 1.37385 0.824312 -0.194244 0.983977 0.590386
8.10586 2.02393 1.21436 -0.285384 0.965068 0.579041
7.88602 2.65908 1.59545 -0.373558 0.939254 0.563552
7.60863 3.27484 1.9649 -0.457926 0.906953 0.544172
7.27646 3.86703 2.32022 -0.537746 0.868667 0.5212
6.89278 4.43186 2.65912 -0.612382 0.824966 0.494979
6.46122 4.96592 2.97955 -0.681318 0.776469 0.465881
5.98571 5.46624 3.27974 -0.744152 0.723823 0.434294
5.47043 5.93025 3.55815 -0.800603 0.667686 0.400612
4.91969 6.35586 3.81351 -0.850496 0.608711 0.365227
4.3379 6.74138 4.04483 -0.89376 0.547529 0.328517
3.72948 7.08554 4.25133 -0.930411 0.484743 0.290846
3.0988 7.38747 4.43248 -0.960542 0.420914 0.252548
2.45016 7.64665 4.58799 -0.98431 0.356562 0.213937
1.78775 7.86288 4.71773 -1.00192 0.292155 0.175293
1.11557 8.03627 4.82176 -1.01363 0.228116 0.136869
0.437482 8.1672 4.90032 -1.01971 0.164816 0.0988896
-0.242868 8.25627 4.95376 -1.02046 0.102581 0.0615485
-0.922028 8.30428 4.98257 -1.01619 0.0416911 0.0250147
-1.59675 8.31221 4.98733 -1.00722 -0.017614 -0.0105684
-2.26401 8.28119 4.96871 -0.993844 -0.0751328 -0.0450797
-2.92098 8.21247 4.92748 -0.976387 -0.130698 -0.0784186
-3.56503 8.10739 4.86443 -0.955145 -0.184171 -0.110503
-4.19373 7.96739 4.78044 -0.930408 -0.235443 -0.141266
-4.80486 7.79397 4.67638 -0.902452 -0.284425 -0.170655
-5.39635 7.58868 4.55321 -0.871541 -0.33105 -0.19863
-5.96632 7.35311 4.41186 -0.837924 -0.375267 -0.22516
-6.51304 7.08887 4.25332 -0.801837 -0.41704 -0.250224
-7.03494 6.7976 4.07856 -0.763499 -0.456344 -0.273806
-7.53059 6.48096 3.88857 -0.723118 -0.493164 -0.295898
-7.9987 6.1406 3.68436 -0.680888 -0.527493 -0.316496
-8.43808 5.77818 3.46691 -0.63699 -0.55933 -0.335598
-8.84769 5.39537 3.23722 -0.591594 -0.588679 -0.353207
-9.22658 4.99383 2.9963 -0.544857 -0.615547 -0.369328
-9.5739 4.57519 2.74511 -0.496928 -0.639945 -0.383967
-9.88892 4.14111 2.48467 -0.447948 -0.661884 -0.39713
-10.171 3.69322 2.21593 -0.398047 -0.681375 -0.408825
-10.4195 3.23314 1.93989 -0.347348 -0.698432 -0.419059
-10.6339 2.76251 1.65751 -0.295971 -0.713065 -0.427839
-10.814 2.28292 1.36975 -0.244026 -0.725286 -0.435172
-10.9592 1.79599 1.07759 -0.191621 -0.735104 -0.441063
-11.0694 1.30331 0.781987 -0.138861 -0.742528 -0.445517
-11.1443 0.806479 0.483887 -0.0858448 -0.747564 -0.448539
-11.1838 0.307084 0.18425 -0.0326721 -0.750216 -0.45013
-11.1879 -0.193286 -0.115971 0.02056 -0.750487 -0.450292
-11.1564 -0.693042 -0.415825 0.0737547 -0.748377 -0.449026
-11.0895 -1.1906 -0.714358 0.126815 -0.743884 -0.44633
-10.9874 -1.68436 -1.01062 0.179642 -0.737003 -0.442202
-10.8501 -2.17274 -1.30364 0.232137 -0.72773 -0.436638
-10.678 -2.65414 -1.59248 0.284195 -0.716057 -0.429634
-10.4713 -3.12695 -1.87617 0.335711 -0.701973 -0.421184
-10.2305 -3.58957 -2.15374 0.386574 -0.685469 -0.411282
-9.95603 -4.04038 -2.42423 0.436667 -0.666533 -0.39992
-9.64846 -4.47774 -2.68665 0.485868 -0.645152 -0.387091
-9.30843 -4.90004 -2.94002 0.534048 -0.621315 -0.372789
-8.93665 -5.30562 -3.18337 0.581068 -0.59501 -0.357006
-8.53396 -5.69284 -3.4157 0.626783 -0.566226 -0.339736
-8.10126 -6.06004 -3.63602 0.671036 -0.534956 -0.320973
-7.6396 -6.40556 -3.84334 0.713661 -0.501194 -0.300717
-7.15011 -6.72775 -4.03665 0.754478 -0.464941 -0.278965
-6.63407 -7.02493 -4.21496 0.793298 -0.426202 -0.255721
-6.09287 -7.29547 -4.37728 0.829917 -0.38499 -0.230994
-5.52804 -7.53771 -4.52263 0.864115 -0.341327 -0.204796
-4.94129 -7.75004 -4.65002 0.895663 -0.295246 -0.177148
-4.33446 -7.93085 -4.75851 0.924314 -0.246796 -0.148077
-3.70957 -8.07859 -4.84715 0.949808 -0.196039 -0.117623
-3.06881 -8.19174 -4.91505 0.97187 -0.143058 -0.0858348
-2.41456 -8.26886 -4.96132 0.990214 -0.0879587 -0.0527752
-1.74941 -8.30858 -4.98515 1.00454 -0.0308717 -0.018523
-1.07613 -8.30962 -4.98577 1.01455 0.0280424 0.0168255
-0.397705 -8.27083 -4.9625 1.01992 0.0885903 0.0531542
0.282667 -8.19119 -4.91471 1.02034 0.150541 0.0903249
0.961583 -8.06985 -4.84191 1.0155 0.213625 0.128175
1.63543 -7.90617 -4.7437 1.0051 0.277526 0.166516
2.30042 -7.69971 -4.61983 0.988849 0.341883 0.20513
2.95255 -7.45031 -4.47019 0.966503 0.406287 0.243772
3.58769 -7.15809 -4.29485 0.937837 0.470278 0.282167
4.20156 -6.82348 -4.09409 0.902682 0.533348 0.320009
4.78981 -6.44728 -3.86837 0.860929 0.594946 0.356968
5.348 -6.03067 -3.6184 0.812543 0.654478 0.392687
5.87174 -5.57524 -3.34514 0.757575 0.711317 0.42679
6.35668 -5.08299 -3.04979 0.696175 0.764815 0.458889
6.7986 -4.55637 -2.73382 0.6286 0.814314 0.488589
7.19352 -3.99826 -2.39896 0.555222 0.859163 0.515498
7.53772 -3.41198 -2.04719 0.476533 0.898734 0.539241
7.82786 -2.80125 -1.68075 0.39314 0.932445 0.559467
8.06103 -2.17014 -1.30208 0.305764 0.959776 0.575866
8.23484 -1.52305 -0.913833 0.215223 0.980291 0.588174
8.34749 -0.864667 -0.5188 0.122419 0.99365 0.59619
8.39778 -0.199822 -0.119893 0.0283149 0.999631 0.599778
8.38518 0.466518 0.279911 -0.0660917 0.998131 0.598878
8.30982 1.12937 0.677621 -0.159794 0.989176 0.593506
8.1725 1.7838 1.07028 -0.251804 0.972918 0.583751
7.97466 2.42504 1.45502 -0.341182 0.949628 0.569777
7.71836 3.0485 1.8291 -0.427056 0.919685 0.551811
7.4062 3.64991 2.18995 -0.508645 0.88356 0.530136
7.04127 4.22533 2.5352 -0.585274 0.841803 0.505082
6.62706 4.77121 2.86272 -0.65638 0.795015 0.477009
6.16742 5.28438 3.17063 -0.721521 0.743836 0.446302
5.66643 5.76216 3.4573 -0.78037 0.688921 0.413353
5.12837 6.20227 3.72136 -0.832714 0.630927 0.378556
4.55761 6.60286 3.96172 -0.878445 0.570495 0.342297
3.95858 6.96253 4.17752 -0.917547 0.508238 0.304943
3.33567 7.28024 4.36814 -0.950087 0.444735 0.266841
2.69322 7.55535 4.53321 -0.976198 0.380521 0.228313
2.03545 7.78755 4.67253 -0.996073 0.316084 0.18965
1.36645 7.97685 4.78611 -1.00995 0.251863 0.151118
0.690121 8.12351 4.87411 -1.01809 0.188249 0.112949
0.0102008 8.22806 4.93684 -1.02078 0.125584 0.0753503
-0.669788 8.29123 4.97474 -1.01834 0.0641648 0.0384989
-1.34653 8.31395 4.98837 -1.01108 0.00424588 0.00254753
-2.0169 8.29728 4.97837 -0.999307 -0.0539576 -0.0323745
-2.67801 8.24242 4.94545 -0.983334 -0.110266 -0.0661595
-3.32715 8.15071 4.89042 -0.963466 -0.164531 -0.0987184
-3.96184 8.02353 4.81412 -0.939996 -0.216632 -0.129979
-4.57975 7.86237 4.71742 -0.913207 -0.266474 -0.159884
-5.17877 7.66875 4.60125 -0.883366 -0.313982 -0.188389
-5.75696 7.44425 4.46655 -0.850728 -0.359099 -0.215459
-6.31251 7.19049 4.31429 -0.815534 -0.401783 -0.24107
-6.84382 6.90909 4.14545 -0.778009 -0.442007 -0.265204
-7.3494 6.6017 3.96102 -0.738366 -0.479752 -0.287851
-7.82789 6.26997 3.76198 -0.696803 -0.515007 -0.309004
-8.27809 5.91557 3.54934 -0.653506 -0.54777 -0.328662
-8.69889 5.54016 3.3241 -0.608649 -0.578044 -0.346826
-9.08931 5.14539 3.08724 -0.562394 -0.605834 -0.3635
-9.44847 4.73293 2.83976 -0.514893 -0.63115 -0.37869
-9.77559 4.3044 2.58264 -0.466289 -0.654002 -0.392401
-10.07 3.86146 2.31688 -0.416717 -0.674402 -0.404641
-10.331 3.40574 2.04344 -0.366302 -0.692363 -0.415418
-10.5582 2.93885 1.76331 -0.315165 -0.707897 -0.424738
-10.7511 2.46241 1.47744 -0.26342 -0.721014 -0.432608
-10.9093 1.97803 1.18682 -0.211175 -0.731725 -0.439035
-11.0326 1.4873 0.892381 -0.158536 -0.74004 -0.444024
-11.1207 0.991833 0.5951 -0.105605 -0.745964 -0.447578
-11.1734 0.493209 0.295925 -0.0524798 -0.749503 -0.449702
-11.1906 -0.00698067 -0.0041884 0.000740397 -0.75066 -0.450396
-11.1724 -0.507148 -0.304289 0.0539593 -0.749437 -0.449662
-11.1187 -1.00571 -0.603423 0.10708 -0.745831 -0.447499
-11.0296 -1.50106 -0.900639 0.160004 -0.73984 -0.443904
-10.9054 -1.99163 -1.19498 0.212634 -0.731459 -0.438876
-10.7462 -2.47582 -1.48549 0.264866 -0.720681 -0.432409
-10.5524 -2.95201 -1.77121 0.316595 -0.707496 -0.424498
-10.3242 -3.41861 -2.05117 0.367714 -0.691895 -0.415137
-10.0622 -3.874 -2.3244 0.418107 -0.673867 -0.40432
-9.76694 -4.31656 -2.58994 0.467654 -0.653398 -0.392039
-9.43892 -4.74466 -2.8468 0.516228 -0.630478 -0.378287
-9.07888 -5.15666 -3.09399 0.563696 -0.605094 -0.363056
-8.6876 -5.55091 -3.33054 0.609914 -0.577235 -0.346341
-8.26597 -5.92576 -3.55545 0.65473 -0.546892 -0.328135
-7.81497 -6.27955 -3.76773 0.69798 -0.514059 -0.308436
-7.33571 -6.61062 -3.96637 0.739492 -0.478735 -0.287241
-6.82941 -6.91731 -4.15039 0.779079 -0.440922 -0.264553
-6.29741 -7.19797 -4.31878 0.816541 -0.400629 -0.240378
-5.7412 -7.45094 -4.47056 0.851667 -0.357877 -0.214726
-5.16241 -7.6746 -4.60476 0.88423 -0.312693 -0.187616
-4.56284 -7.86733 -4.7204 0.913989 -0.26512 -0.159072
-3.94444 -8.02757 -4.81654 0.94069 -0.215215 -0.129129
-3.30932 -8.15379 -4.89227 0.964063 -0.163053 -0.0978318
-2.65981 -8.2445 -4.9467 0.983827 -0.10873 -0.0652382
-1.99841 -8.29831 -4.97899 0.999687 -0.052368 -0.0314208
-1.32783 -8.3139 -4.98834 1.01134 0.00588496 0.00353098
-0.650959 -8.29008 -4.97405 1.01847 0.0658478 0.0395087
0.0290713 -8.22577 -4.93546 1.02077 0.127304 0.0763826
0.708938 -8.12007 -4.87204 1.01793 0.189999 0.113999
1.38511 -7.97223 -4.78334 1.00964 0.253634 0.15218
2.05385 -7.78176 -4.66905 0.9956 0.317865 0.190719
2.71125 -7.54836 -4.52902 0.975556 0.382301 0.229381
3.35321 -7.27207 -4.36324 0.949269 0.446502 0.267901
3.97552 -6.95319 -4.17191 0.91655 0.509977 0.305986
4.57382 -6.59238 -3.95543 0.877266 0.57219 0.343314
5.14374 -6.19067 -3.7144 0.831353 0.632563 0.379538
5.68083 -5.7495 -3.4497 0.778828 0.69048 0.414288
6.18073 -5.27072 -3.16243 0.719802 0.745299 0.447179
6.63918 -4.7566 -2.85396 0.654493 0.796365 0.477819
7.05207 -4.20987 -2.52592 0.583229 0.843022 0.505813
7.41559 -3.63369 -2.18021 0.506457 0.884631 0.530779
7.72625 -3.03161 -1.81897 0.424741 0.920592 0.552355
7.98097 -2.4076 -1.44456 0.338761 0.950357 0.570214
8.17716 -1.76595 -1.05957 0.2493 0.973458 0.584075
8.31279 -1.11122 -0.666731 0.157232 0.989518 0.593711
8.38643 -0.448208 -0.268925 0.0634983 0.998269 0.598961
8.39731 0.218155 0.130893 -0.030912 0.999562 0.599737
8.34529 0.882885 0.529731 -0.124992 0.993377 0.596026
8.23094 1.54102 0.924615 -0.217745 0.979818 0.587891
8.05547 2.18773 1.31264 -0.308209 0.959112 0.575467
7.82071 2.81833 1.691 -0.395485 0.9316 0.55896
7.52905 3.42845 2.05707 -0.478756 0.897721 0.538633
7.18341 4.014 2.4084 -0.557306 0.857998 0.514799
6.78715 4.57128 2.74277 -0.63053 0.813014 0.487808
6.34399 5.097 3.0582 -0.697939 0.763397 0.458038
5.85794 5.58827 3.35296 -0.759165 0.7098 0.42588
5.3332 6.04266 3.6256 -0.813953 0.652879 0.391728
4.77413 6.45818 3.87491 -0.862157 0.593284 0.35597
4.18513 6.83326 4.09995 -0.903727 0.531639 0.318984
3.57062 7.16672 4.30003 -0.938702 0.468537 0.281122
2.93496 7.45778 4.47467 -0.967192 0.40453 0.242718
2.28243 7.70601 4.6236 -0.989368 0.340123 0.204074
1.61715 7.91129 4.74677 -1.00545 0.275775 0.165465
0.943116 8.07381 4.84429 -1.0157 0.211893 0.127136
0.264117 8.194 4.9164 -1.02039 0.148838 0.0893025
-0.416243 8.27252 4.96351 -1.01983 0.0869227 0.0521536
-1.09457 8.31021 4.98613 -1.01433 0.0264178 0.0158507
-1.76766 8.30811 4.98486 -1.0042 -0.0324476 -0.0194686
-2.43255 8.26736 4.96041 -0.989762 -0.0894811 -0.0536886
-3.08646 8.18924 4.91354 -0.971314 -0.144523 -0.0867138
-3.72682 8.07513 4.84508 -0.949155 -0.197443 -0.118466
-4.35125 7.92648 4.75589 -0.923573 -0.248137 -0.148882
-4.95756 7.74479 4.64687 -0.894841 -0.296523 -0.177914
-5.54373 7.53164 4.51898 -0.863219 -0.342537 -0.205522
-6.10793 7.28861 4.37317 -0.828953 -0.386133 -0.23168
-6.64847 7.01734 4.2104 -0.792273 -0.427277 -0.256366
-7.16382 6.71945 4.03167 -0.753398 -0.465948 -0.279569
-7.65257 6.39662 3.83797 -0.71253 -0.502133 -0.30128
-8.11346 6.05049 3.6303 -0.66986 -0.535826 -0.321496
-8.54536 5.68274 3.40964 -0.625567 -0.567028 -0.340217
-8.94723 5.29501 3.177 -0.579816 -0.595744 -0.357446
-9.31816 4.88896 2.93337 -0.532764 -0.621982 -0.373189
-9.65733 4.46624 2.67974 -0.484557 -0.645752 -0.387451
-9.96401 4.0285 2.4171 -0.435332 -0.667066 -0.40024
-10.2376 3.57736 2.14642 -0.385219 -0.685936 -0.411562
-10.4775 3.11445 1.86867 -0.334339 -0.702375 -0.421425
-10.6832 2.64139 1.58484 -0.282809 -0.716393 -0.429836
-10.8544 2.15979 1.29588 -0.230739 -0.728002 -0.436801
-10.9908 1.67125 1.00275 -0.178236 -0.73721 -0.442326
-11.092 1.17737 0.706423 -0.125403 -0.744026 -0.446416
-11.1579 0.679743 0.407846 -0.0723404 -0.748456 -0.449073
-11.1884 0.179955 0.107973 -0.0191456 -0.750502 -0.450301
-11.1835 -0.320403 -0.192242 0.034084 -0.750168 -0.450101
-11.143 -0.819745 -0.491847 0.0872516 -0.747453 -0.448472
-11.0672 -1.31648 -0.789889 0.14026 -0.742354 -0.445412
-10.956 -1.80902 -1.08541 0.19301 -0.734867 -0.44092
-10.8099 -2.29578 -1.37747 0.245402 -0.724985 -0.434991
-10.6289 -2.77514 -1.66509 0.297331 -0.712701 -0.427621
-10.4136 -3.24551 -1.94731 0.34869 -0.698004 -0.418803
-10.1642 -3.70528 -2.22317 0.399366 -0.680885 -0.408531
-9.88126 -4.15282 -2.49169 0.449243 -0.66133 -0.396798
-9.56539 -4.58651 -2.75191 0.498195 -0.639328 -0.383597
-9.21723 -5.00472 -3.00283 0.546092 -0.614866 -0.36892
-8.83753 -5.40579 -3.24347 0.592793 -0.587934 -0.35276
-8.42713 -5.78808 -3.47285 0.638151 -0.558521 -0.335112
-7.98699 -6.14994 -3.68996 0.682005 -0.52662 -0.315972
-7.51816 -6.48969 -3.89382 0.724187 -0.492227 -0.295336
-7.02182 -6.80569 -4.08341 0.764515 -0.455344 -0.273207
-6.49926 -7.09627 -4.25776 0.802795 -0.415978 -0.249587
-5.95192 -7.35978 -4.41587 0.838819 -0.374143 -0.224486
-5.38138 -7.59459 -4.55675 0.872367 -0.329865 -0.197919
-4.78936 -7.79907 -4.67944 0.903203 -0.283181 -0.169908
-4.17776 -7.97164 -4.78298 0.931078 -0.23414 -0.140484
-3.54863 -8.11075 -4.86645 0.955727 -0.182813 -0.109688
-2.90423 -8.2149 -4.92894 0.976874 -0.129286 -0.0775718
-2.24697 -8.28267 -4.9696 0.994228 -0.0736718 -0.0442031
-1.57949 -8.3127 -4.98762 1.00749 -0.0161075 -0.00966451
-0.904622 -8.30375 -4.98225 1.01635 0.0432382 0.0259429
-0.2254 -8.2547 -4.95282 1.0205 0.104163 0.0624976
0.454927 -8.16457 -4.89874 1.01961 0.166426 0.0998555
1.1329 -8.03256 -4.81954 1.01339 0.229746 0.137847
1.80487 -7.85808 -4.71485 1.00153 0.293796 0.176278
2.46698 -7.64075 -4.58445 0.983768 0.358203 0.214922
3.1152 -7.38048 -4.42829 0.959841 0.422546 0.253527
3.74535 -7.07747 -4.24648 0.929547 0.486351 0.291811
4.35315 -6.73225 -4.03935 0.892731 0.549101 0.329461
4.9342 -6.3457 -3.80742 0.8493 0.610231 0.366139
5.48408 -5.9191 -3.55146 0.799242 0.66914 0.401484
5.9984 -5.45414 -3.27248 0.742629 0.725193 0.435116
6.47284 -4.95295 -2.97177 0.67964 0.77774 0.466644
6.90324 -4.41807 -2.65084 0.610559 0.826121 0.495673
7.28566 -3.85252 -2.31151 0.535788 0.869691 0.521815
7.61648 -3.25969 -1.95581 0.45585 0.907832 0.544699
