8.41007 0.119154 -0.510476 5.9952e-15 -5.04 8.4 -0.510476 -2.24255e-07
8.44004 0.238938 -0.510476 1.24345e-14 -5.04 8.4 -0.510476 -4.45595e-07
8.48921 0.35993 -0.510476 -1.77636e-15 -5.04 8.4 -0.510476 -6.61312e-07
8.55644 0.482601 -0.510476 -7.54952e-15 -5.04 8.4 -0.510476 -8.69083e-07
8.64024 0.607262 -0.510476 5.86198e-14 -5.04 8.4 -0.510476 -1.06708e-06
8.73884 0.734011 -0.510476 2.53131e-14 -5.04 8.4 -0.510476 -1.25405e-06
8.85029 0.862688 -0.510475 -3.1708e-13 -5.04 8.4 -0.510476 -1.42927e-06
8.97249 0.992852 -0.510475 -3.09086e-13 -5.04 8.40001 -0.510476 -1.5925e-06
9.10332 1.12379 -0.510475 -2.15383e-13 -5.04 8.40001 -0.510476 -1.74392e-06
9.2407 1.25458 -0.510475 -2.367e-13 -5.04 8.40001 -0.510476 -1.884e-06
9.38259 1.38415 -0.510475 -3.2685e-13 -5.04 8.40001 -0.510476 -2.01344e-06
9.52708 1.5114 -0.510475 -3.08753e-13 -5.04 8.40001 -0.510476 -2.13305e-06
9.67237 1.63533 -0.510475 -2.78721e-13 -5.04 8.40001 -0.510476 -2.2437e-06
9.81684 1.75511 -0.510475 -2.71935e-13 -5.04001 8.40001 -0.510476 -2.34627e-06
9.95899 1.87015 -0.510475 -2.81386e-13 -5.04001 8.40001 -0.510476 -2.44163e-06
10.0975 1.9801 -0.510475 -3.49054e-13 -5.04001 8.40001 -0.510476 -2.53059e-06
10.2311 2.08484 -0.510475 -4.46532e-13 -5.04001 8.40001 -0.510476 -2.61389e-06
10.3588 2.18446 -0.510475 -3.47944e-13 -5.04001 8.40001 -0.510476 -2.69224e-06
10.4797 2.27917 -0.510475 -4.09894e-13 -5.04001 8.40001 -0.510476 -2.76624e-06
10.5929 2.36931 -0.510475 -3.76144e-13 -5.04001 8.40001 -0.510476 -2.83647e-06
10.6977 2.45528 -0.510475 -3.10418e-13 -5.04001 8.40001 -0.510476 -2.90342e-06
10.7935 2.53748 -0.510475 -2.89324e-13 -5.04001 8.40001 -0.510476 -2.96756e-06
10.8798 2.61638 -0.510475 -3.01981e-13 -5.04001 8.40001 -0.510476 -3.02929e-06
10.9562 2.6924 -0.510475 -2.93765e-13 -5.04001 8.40001 -0.510476 -3.08897e-06
11.0222 2.76598 -0.510475 -4.35652e-13 -5.04001 8.40001 -0.510476 -3.14696e-06
11.0776 2.83752 -0.510475 -4.63407e-13 -5.04001 8.40001 -0.510476 -3.20355e-06
11.122 2.90743 -0.510475 -4.45199e-13 -5.04001 8.40001 -0.510476 -3.25903e-06
11.1554 2.97609 -0.510474 -4.13003e-13 -5.04001 8.40001 -0.510476 -3.31366e-06
11.1776 3.04387 -0.510474 -4.06786e-13 -5.04001 8.40001 -0.510476 -3.36771e-06
11.1884 3.11114 -0.510474 -4.15223e-13 -5.04001 8.40001 -0.510476 -3.42141e-06
11.1879 -3.10494 -0.510474 -4.12254e-13 -5.04001 8.40001 -0.510476 -3.475e-06
11.176 -3.03765 -0.510474 -3.9202e-13 -5.04001 8.40001 -0.510476 -3.52872e-06
11.1528 -2.9698 -0.510474 -3.98792e-13 -5.04001 8.40001 -0.510476 -3.58281e-06
11.1184 -2.90104 -0.510474 -3.23297e-13 -5.04001 8.40002 -0.510476 -3.63751e-06
11.0729 -2.83099 -0.510474 -3.2796e-13 -5.04001 8.40002 -0.510476 -3.69308e-06
11.0166 -2.75928 -0.510474 -2.88658e-13 -5.04001 8.40002 -0.510476 -3.74979e-06
10.9496 -2.6855 -0.510474 -2.78888e-13 -5.04001 8.40002 -0.510476 -3.80791e-06
10.8723 -2.60923 -0.510474 -2.33147e-13 -5.04001 8.40002 -0.510476 -3.86777e-06
10.7851 -2.53004 -0.510474 -1.23013e-13 -5.04001 8.40002 -0.510476 -3.92971e-06
10.6884 -2.44751 -0.510474 -1.39e-13 -5.04001 8.40002 -0.510476 -3.99409e-06
10.5828 -2.36118 -0.510474 -1.9762e-13 -5.04001 8.40002 -0.510476 -4.06132e-06
10.4689 -2.27063 -0.510474 -2.11609e-13 -5.04001 8.40002 -0.510476 -4.13187e-06
10.3474 -2.17548 -0.510474 -5.9952e-15 -5.04001 8.40002 -0.510476 -4.20625e-06
10.2191 -2.0754 -0.510474 -6.88338e-14 -5.04001 8.40002 -0.510476 -4.28502e-06
10.0849 -1.97018 -0.510474 -2.65343e-14 -5.04001 8.40002 -0.510476 -4.36882e-06
9.94607 -1.85975 -0.510474 1.47105e-14 -5.04001 8.40002 -0.510476 -4.45833e-06
9.80365 -1.74426 -0.510474 4.3715e-15 -5.04001 8.40002 -0.510476 -4.55432e-06
9.65904 -1.62407 -0.510474 -3.16969e-14 -5.04001 8.40002 -0.510476 -4.6576e-06
9.51375 -1.49979 -0.510474 -1.06581e-14 -5.04001 8.40002 -0.510476 -4.76903e-06
9.36943 -1.37229 -0.510474 0 -5.04001 8.40002 -0.510476 -4.88951e-06
9.22787 -1.24256 -0.510474 -3.41949e-14 -5.04001 8.40002 -0.510476 -5.01989e-06
9.09102 -1.11172 -0.510474 -1.77636e-15 -5.04001 8.40002 -0.510476 -5.16099e-06
8.96089 -0.980814 -0.510473 2.12275e-13 -5.04001 8.40002 -0.510476 -5.31348e-06
8.83959 -0.850762 -0.510473 7.19425e-14 -5.04001 8.40002 -0.510476 -5.47781e-06
8.72925 -0.72225 -0.510473 1.03029e-13 -5.04001 8.40002 -0.510476 -5.65412e-06
8.63192 -0.595692 -0.510473 1.08802e-13 -5.04001 8.40002 -0.510476 -5.84213e-06
8.54958 -0.471223 -0.510473 -5.32907e-14 -5.04002 8.40003 -0.510476 -6.04109e-06
8.48396 -0.348724 -0.510473 -2.01172e-13 -5.04002 8.40003 -0.510476 -6.24967e-06
8.43652 -0.227866 -0.510473 -1.73639e-13 -5.04002 8.40003 -0.510476 -6.46601e-06
8.40836 -0.108167 -0.510473 -1.77081e-13 -5.04002 8.40003 -0.510476 -6.68773e-06
8.40014 0.01096 -0.510473 -1.78427e-13 -5.04002 8.40003 -0.510476 -6.9121e-06
8.41206 0.130145 -0.510473 -1.63092e-13 -5.04002 8.40003 -0.510476 -7.1362e-06
8.44383 0.250017 -0.510472 -2.08278e-13 -5.04002 8.40003 -0.510476 -7.35713e-06
8.49471 0.371144 -0.510472 -1.88738e-13 -5.04002 8.40003 -0.510476 -7.5722e-06
8.56353 0.493987 -0.510472 -2.06946e-13 -5.04002 8.40003 -0.510476 -7.77913e-06
8.64878 0.618839 -0.510472 -1.31894e-13 -5.04002 8.40003 -0.510476 -7.97616e-06
8.74865 0.745774 -0.510472 -2.11831e-13 -5.04002 8.40003 -0.510476 -8.16206e-06
8.86117 0.87461 -0.510472 -1.9984e-13 -5.04002 8.40003 -0.510476 -8.33617e-06
8.98425 1.00488 -0.510472 -1.98064e-13 -5.04002 8.40003 -0.510476 -8.4983e-06
9.11578 1.13585 -0.510472 -1.62315e-13 -5.04002 8.40003 -0.510476 -8.64865e-06
9.25365 1.26657 -0.510472 -2.41362e-13 -5.04002 8.40003 -0.510476 -8.78772e-06
9.39586 1.39596 -0.510472 -1.97398e-13 -5.04002 8.40004 -0.510476 -8.91622e-06
9.54049 1.52295 -0.510472 -2.14939e-13 -5.04002 8.40004 -0.510476 -9.03496e-06
9.68578 1.64653 -0.510472 -2.66176e-13 -5.04002 8.40004 -0.510476 -9.14483e-06
9.8301 1.76589 -0.510471 -2.78902e-13 -5.04002 8.40004 -0.510476 -9.2467e-06
9.97196 1.88047 -0.510471 -2.57905e-13 -5.04002 8.40004 -0.510476 -9.34144e-06
10.11 1.98994 -0.510471 -1.59428e-13 -5.04002 8.40004 -0.510476 -9.42984e-06
10.2432 2.09421 -0.510471 -1.92735e-13 -5.04002 8.40004 -0.510476 -9.51266e-06
10.3703 2.19336 -0.510471 -3.32623e-13 -5.04002 8.40004 -0.510476 -9.59058e-06
10.4905 2.28764 -0.510471 -3.54605e-13 -5.04002 8.40004 -0.510476 -9.66421e-06
10.6029 2.37738 -0.510471 -4.35652e-13 -5.04002 8.40004 -0.510476 -9.73411e-06
10.7069 2.46298 -0.510471 -4.01235e-13 -5.04002 8.40004 -0.510476 -9.80079e-06
10.8019 2.54486 -0.510471 -4.13669e-13 -5.04002 8.40004 -0.510476 -9.86468e-06
10.8873 2.62347 -0.510471 -3.26628e-13 -5.04002 8.40004 -0.510476 -9.92621e-06
10.9627 2.69925 -0.510471 -3.29292e-13 -5.04002 8.40004 -0.510476 -9.98572e-06
11.0278 2.77262 -0.510471 -4.30544e-13 -5.04002 8.40004 -0.510476 -1.00436e-05
11.0822 2.844 -0.510471 -3.99236e-13 -5.04002 8.40004 -0.510476 -1.01e-05
11.1256 2.91378 -0.510471 -3.32845e-13 -5.04002 8.40004 -0.510476 -1.01554e-05
11.158 2.98234 -0.510471 -3.56937e-13 -5.04002 8.40004 -0.510476 -1.021e-05
11.1791 3.05006 -0.510471 -3.75366e-13 -5.04003 8.40004 -0.510476 -1.0264e-05
11.1889 3.1173 -0.510471 -3.49401e-13 -5.04003 8.40004 -0.510476 -1.03177e-05
11.1874 -3.09878 -0.510471 -3.57381e-13 -5.04003 8.40004 -0.510476 -1.03713e-05
11.1744 -3.03145 -0.510471 -3.66485e-13 -5.04003 8.40004 -0.510476 -1.0425e-05
11.1502 -2.96353 -0.510471 -3.60378e-13 -5.04003 8.40004 -0.510476 -1.04791e-05
11.1148 -2.89467 -0.510471 -4.52527e-13 -5.04003 8.40004 -0.510476 -1.05339e-05
11.0683 -2.82449 -0.510471 -4.78506e-13 -5.04003 8.40004 -0.510476 -1.05896e-05
11.0109 -2.75261 -0.510471 -3.75699e-13 -5.04003 8.40004 -0.510476 -1.06464e-05
10.943 -2.67861 -0.510471 -5.08704e-13 -5.04003 8.40004 -0.510476 -1.07047e-05
10.8648 -2.6021 -0.510471 -5.2558e-13 -5.04003 8.40004 -0.510476 -1.07647e-05
10.7767 -2.52263 -0.510471 -5.05151e-13 -5.04003 8.40004 -0.510476 -1.08268e-05
10.6792 -2.43976 -0.510471 -4.80949e-13 -5.04003 8.40005 -0.510476 -1.08915e-05
10.5728 -2.35307 -0.510471 -3.8014e-13 -5.04003 8.40005 -0.510476 -1.0959e-05
10.4581 -2.26211 -0.510471 -4.16556e-13 -5.04003 8.40005 -0.510476 -1.10299e-05
10.3359 -2.16652 -0.510471 -3.53717e-13 -5.04003 8.40005 -0.510476 -1.11046e-05
10.2071 -2.06598 -0.51047 -2.65121e-13 -5.04003 8.40005 -0.510476 -1.11838e-05
10.0725 -1.96028 -0.51047 -2.56795e-13 -5.04003 8.40005 -0.510476 -1.12681e-05
9.93322 -1.84938 -0.51047 -2.6118e-13 -5.04003 8.40005 -0.510476 -1.13582e-05
9.79055 -1.73344 -0.51047 -2.68547e-13 -5.04003 8.40005 -0.510476 -1.14548e-05
9.64581 -1.61285 -0.51047 -2.8727e-13 -5.04003 8.40005 -0.510476 -1.15588e-05
9.50054 -1.48824 -0.51047 -3.90687e-13 -5.04003 8.40005 -0.510476 -1.1671e-05
9.35639 -1.36049 -0.51047 -3.59712e-13 -5.04003 8.40005 -0.510476 -1.17923e-05
9.21518 -1.23062 -0.51047 -3.8769e-13 -5.04003 8.40005 -0.510476 -1.19237e-05
9.07886 -1.09973 -0.51047 -2.91323e-13 -5.04003 8.40005 -0.510476 -1.20658e-05
8.94945 -0.968866 -0.51047 -1.35891e-13 -5.04003 8.40005 -0.510476 -1.22193e-05
8.82906 -0.838931 -0.51047 -1.82965e-13 -5.04003 8.40005 -0.510476 -1.23848e-05
8.71983 -0.710586 -0.51047 -2.18936e-13 -5.04003 8.40005 -0.510476 -1.25622e-05
8.62379 -0.584219 -0.51047 -2.6068e-13 -5.04003 8.40005 -0.510476 -1.27512e-05
8.54291 -0.45994 -0.51047 -1.01474e-13 -5.04003 8.40005 -0.510476 -1.29511e-05
8.47889 -0.337609 -0.510469 -6.52811e-14 -5.04003 8.40005 -0.510476 -1.31605e-05
8.43318 -0.21688 -0.510469 5.88418e-14 -5.04003 8.40005 -0.510476 -1.33774e-05
8.40682 -0.097259 -0.510469 4.54081e-14 -5.04003 8.40006 -0.510476 -1.35995e-05
8.40044 0.0218453 -0.510469 4.88637e-14 -5.04003 8.40006 -0.510476 -1.38239e-05
8.4142 0.141067 -0.510469 8.87068e-14 -5.04003 8.40006 -0.510476 -1.40479e-05
8.44775 0.261029 -0.510469 1.26121e-13 -5.04003 8.40006 -0.510476 -1.42684e-05
8.50033 0.382296 -0.510469 1.98508e-13 -5.04004 8.40006 -0.510476 -1.44828e-05
8.57072 0.505312 -0.510469 1.98508e-13 -5.04004 8.40006 -0.510476 -1.46889e-05
8.65738 0.630353 -0.510469 3.23297e-13 -5.04004 8.40006 -0.510476 -1.48849e-05
8.75849 0.757473 -0.510468 3.91687e-13 -5.04004 8.40006 -0.510476 -1.50697e-05
8.87206 0.886462 -0.510468 3.25961e-13 -5.04004 8.40006 -0.510476 -1.52428e-05
8.99601 1.01683 -0.510468 2.27374e-13 -5.04004 8.40006 -0.510476 -1.54038e-05
9.1282 1.14781 -0.510468 2.74225e-13 -5.04004 8.40006 -0.510476 -1.55531e-05
9.26655 1.27846 -0.510468 1.45439e-13 -5.04004 8.40006 -0.510476 -1.56912e-05
9.40906 1.40768 -0.510468 1.52767e-13 -5.04004 8.40006 -0.510476 -1.58187e-05
9.55382 1.53439 -0.510468 1.59761e-13 -5.04004 8.40006 -0.510476 -1.59366e-05
9.69909 1.65761 -0.510468 1.56597e-13 -5.04004 8.40006 -0.510476 -1.60457e-05
9.84324 1.77656 -0.510468 1.53627e-13 -5.04004 8.40006 -0.510476 -1.61469e-05
9.98481 1.89068 -0.510468 1.43219e-13 -5.04004 8.40007 -0.510476 -1.6241e-05
10.1225 1.99968 -0.510468 5.18474e-14 -5.04004 8.40007 -0.510476 -1.63289e-05
10.2551 2.10347 -0.510468 -3.10862e-14 -5.04004 8.40007 -0.510476 -1.64112e-05
10.3816 2.20216 -0.510468 -5.70655e-14 -5.04004 8.40007 -0.510476 -1.64887e-05
10.5012 2.29601 -0.510468 -1.0969e-13 -5.04004 8.40007 -0.510476 -1.6562e-05
10.6129 2.38535 -0.510468 -1.59872e-13 -5.04004 8.40007 -0.510476 -1.66316e-05
10.7161 2.47059 -0.510468 1.79856e-14 -5.04004 8.40007 -0.510476 -1.6698e-05
10.8102 2.55216 -0.510468 1.83409e-13 -5.04004 8.40007 -0.510476 -1.67616e-05
10.8947 2.6305 -0.510468 1.9762e-13 -5.04004 8.40007 -0.510476 -1.6823e-05
10.9692 2.70604 -0.510468 2.03171e-13 -5.04004 8.40007 -0.510476 -1.68823e-05
11.0333 2.77921 -0.510468 1.55209e-13 -5.04004 8.40007 -0.510476 -1.694e-05
11.0867 2.85042 -0.510468 1.9007e-13 -5.04004 8.40007 -0.510476 -1.69964e-05
11.1291 2.92007 -0.510467 1.48326e-13 -5.04004 8.40007 -0.510476 -1.70517e-05
11.1605 2.98855 -0.510467 8.39329e-14 -5.04004 8.40007 -0.510476 -1.71062e-05
11.1806 3.0562 -0.510467 3.16969e-14 -5.04004 8.40007 -0.510476 -1.71601e-05
11.1893 3.12341 -0.510467 1.53905e-14 -5.04004 8.40007 -0.510476 -1.72138e-05
11.1867 -3.09266 -0.510467 1.81521e-14 -5.04004 8.40007 -0.510476 -1.72674e-05
11.1728 -3.02529 -0.510467 2.34257e-14 -5.04004 8.40007 -0.510476 -1.73212e-05
11.1475 -2.95731 -0.510467 3.90799e-14 -5.04004 8.40007 -0.510476 -1.73753e-05
11.1111 -2.88834 -0.510467 7.61613e-14 -5.04004 8.40007 -0.510476 -1.74302e-05
11.0636 -2.81802 -0.510467 2.77556e-14 -5.04004 8.40007 -0.510476 -1.74859e-05
11.0053 -2.74596 -0.510467 1.09468e-13 -5.04004 8.40007 -0.510476 -1.75429e-05
10.9364 -2.67176 -0.510467 6.43929e-14 -5.04004 8.40007 -0.510476 -1.76013e-05
10.8573 -2.59499 -0.510467 4.06342e-14 -5.04004 8.40007 -0.510476 -1.76615e-05
10.7683 -2.51523 -0.510467 1.12355e-13 -5.04004 8.40007 -0.510476 -1.77238e-05
10.6699 -2.43204 -0.510467 4.52971e-14 -5.04004 8.40007 -0.510476 -1.77887e-05
10.5628 -2.34497 -0.510467 1.12355e-13 -5.04004 8.40007 -0.510476 -1.78565e-05
10.4474 -2.25361 -0.510467 2.16493e-13 -5.04004 8.40007 -0.510476 -1.79277e-05
10.3246 -2.15758 -0.510467 2.50688e-13 -5.04004 8.40007 -0.510476 -1.80029e-05
10.1951 -2.05658 -0.510467 1.96509e-13 -5.04004 8.40007 -0.510476 -1.80825e-05
10.0601 -1.95041 -0.510467 2.44138e-13 -5.04005 8.40008 -0.510476 -1.81673e-05
9.92044 -1.83904 -0.510467 2.37643e-13 -5.04005 8.40008 -0.510476 -1.82579e-05
9.77751 -1.72266 -0.510467 2.40613e-13 -5.04005 8.40008 -0.510476 -1.83551e-05
9.63266 -1.60167 -0.510467 2.49023e-13 -5.04005 8.40008 -0.510476 -1.84598e-05
9.48742 -1.47674 -0.510467 2.68119e-13 -5.04005 8.40008 -0.510476 -1.85729e-05
9.34347 -1.34875 -0.510467 3.23075e-13 -5.04005 8.40008 -0.510476 -1.86951e-05
9.20262 -1.21875 -0.510467 2.84661e-13 -5.04005 8.40008 -0.510476 -1.88273e-05
9.06684 -1.08782 -0.510467 3.78808e-13 -5.04005 8.40008 -0.510476 -1.89705e-05
8.93816 -0.957008 -0.510466 3.29958e-13 -5.04005 8.40008 -0.510476 -1.91251e-05
8.8187 -0.827196 -0.510466 4.31655e-13 -5.04005 8.40008 -0.510476 -1.92916e-05
8.71058 -0.69902 -0.510466 5.76428e-13 -5.04005 8.40008 -0.510476 -1.94701e-05
8.61585 -0.572843 -0.510466 5.45786e-13 -5.04005 8.40008 -0.510476 -1.96601e-05
8.53643 -0.448751 -0.510466 6.56808e-13 -5.04005 8.40008 -0.510476 -1.9861e-05
8.47402 -0.326583 -0.510466 6.33937e-13 -5.04005 8.40008 -0.510476 -2.00711e-05
8.43002 -0.205979 -0.510466 6.22613e-13 -5.04005 8.40008 -0.510476 -2.02886e-05
8.40546 -0.0864311 -0.510466 6.13842e-13 -5.04005 8.40008 -0.510476 -2.0511e-05
8.40091 0.0326564 -0.510466 6.13565e-13 -5.04005 8.40008 -0.510476 -2.07355e-05
8.41648 0.151919 -0.510465 6.15952e-13 -5.04005 8.40009 -0.510476 -2.09592e-05
8.45181 0.271977 -0.510465 5.51115e-13 -5.04005 8.40009 -0.510476 -2.11793e-05
8.50606 0.393385 -0.510465 6.07292e-13 -5.04005 8.40009 -0.510476 -2.1393e-05
8.57799 0.516575 -0.510465 5.52447e-13 -5.04005 8.40009 -0.510476 -2.15983e-05
8.66604 0.641806 -0.510465 6.39044e-13 -5.04005 8.40009 -0.510476 -2.17933e-05
8.76837 0.769107 -0.510465 7.66054e-13 -5.04005 8.40009 -0.510476 -2.19771e-05
8.88297 0.898244 -0.510465 7.91367e-13 -5.04005 8.40009 -0.510476 -2.2149e-05
9.00775 1.0287 -0.510465 7.06546e-13 -5.04005 8.40009 -0.510476 -2.2309e-05
9.14059 1.1597 -0.510465 8.71303e-13 -5.04005 8.40009 -0.510476 -2.24572e-05
9.2794 1.29026 -0.510465 9.52793e-13 -5.04005 8.40009 -0.510476 -2.25943e-05
9.42218 1.41929 -0.510465 9.96758e-13 -5.04005 8.40009 -0.510476 -2.27209e-05
9.56706 1.54572 -0.510465 9.8499e-13 -5.04006 8.40009 -0.510476 -2.2838e-05
9.71229 1.66858 -0.510464 9.84712e-13 -5.04006 8.40009 -0.510476 -2.29463e-05
9.85627 1.78711 -0.510464 9.77995e-13 -5.04006 8.40009 -0.510476 -2.30469e-05
9.99754 1.90078 -0.510464 9.25149e-13 -5.04006 8.40009 -0.510476 -2.31404e-05
10.1348 2.0093 -0.510464 9.21818e-13 -5.04006 8.40009 -0.510476 -2.32277e-05
10.2669 2.11262 -0.510464 9.22151e-13 -5.04006 8.40009 -0.510476 -2.33096e-05
10.3928 2.21086 -0.510464 9.21485e-13 -5.04006 8.40009 -0.510476 -2.33867e-05
10.5117 2.30429 -0.510464 8.24674e-13 -5.04006 8.40009 -0.510476 -2.34596e-05
10.6227 2.39324 -0.510464 7.86038e-13 -5.04006 8.4001 -0.510476 -2.35288e-05
10.7251 2.47813 -0.510464 7.07656e-13 -5.04006 8.4001 -0.510476 -2.3595e-05
10.8183 2.55938 -0.510464 5.85754e-13 -5.04006 8.4001 -0.510476 -2.36584e-05
10.902 2.63745 -0.510464 5.42455e-13 -5.04006 8.4001 -0.510476 -2.37195e-05
10.9755 2.71275 -0.510464 5.46674e-13 -5.04006 8.4001 -0.510476 -2.37787e-05
11.0386 2.78573 -0.510464 5.63327e-13 -5.04006 8.4001 -0.510476 -2.38363e-05
11.0911 2.85679 -0.510464 6.5703e-13 -5.04006 8.4001 -0.510476 -2.38926e-05
11.1325 2.92632 -0.510464 7.28306e-13 -5.04006 8.4001 -0.510476 -2.39478e-05
11.1628 2.9947 -0.510464 7.54952e-13 -5.04006 8.4001 -0.510476 -2.40022e-05
11.1819 3.0623 -0.510464 7.7488e-13 -5.04006 8.4001 -0.510476 -2.40561e-05
11.1897 3.12948 -0.510464 7.53536e-13 -5.04006 8.4001 -0.510476 -2.41098e-05
11.186 -3.08658 -0.510464 7.37244e-13 -5.04006 8.4001 -0.510476 -2.41634e-05
11.171 -3.01917 -0.510464 7.33413e-13 -5.04006 8.4001 -0.510476 -2.42172e-05
11.1448 -2.95111 -0.510464 7.18647e-13 -5.04006 8.4001 -0.510476 -2.42714e-05
11.1073 -2.88204 -0.510464 7.16094e-13 -5.04006 8.4001 -0.510476 -2.43263e-05
11.0588 -2.81158 -0.510464 7.36744e-13 -5.04006 8.4001 -0.510476 -2.43822e-05
10.9995 -2.73935 -0.510464 7.61169e-13 -5.04006 8.4001 -0.510476 -2.44392e-05
10.9297 -2.66493 -0.510464 6.86562e-13 -5.04006 8.4001 -0.510476 -2.44978e-05
10.8497 -2.58791 -0.510464 5.54889e-13 -5.04006 8.4001 -0.510476 -2.45582e-05
10.7599 -2.50786 -0.510464 6.02851e-13 -5.04006 8.4001 -0.510476 -2.46207e-05
10.6607 -2.42433 -0.510464 6.48148e-13 -5.04006 8.4001 -0.510476 -2.46858e-05
10.5527 -2.3369 -0.510464 7.24754e-13 -5.04006 8.4001 -0.510476 -2.47539e-05
10.4367 -2.24513 -0.510464 7.10543e-13 -5.04006 8.4001 -0.510476 -2.48255e-05
10.3132 -2.14867 -0.510463 6.7546e-13 -5.04006 8.4001 -0.510476 -2.4901e-05
10.1832 -2.0472 -0.510463 7.03215e-13 -5.04006 8.4001 -0.510476 -2.4981e-05
10.0477 -1.94056 -0.510463 7.57616e-13 -5.04006 8.4001 -0.510476 -2.50663e-05
9.90771 -1.82874 -0.510463 7.63722e-13 -5.04006 8.4001 -0.510476 -2.51575e-05
9.76456 -1.71192 -0.510463 7.49775e-13 -5.04006 8.4001 -0.510476 -2.52554e-05
9.61961 -1.59054 -0.510463 7.46514e-13 -5.04006 8.4001 -0.510476 -2.53608e-05
9.47441 -1.4653 -0.510463 8.45657e-13 -5.04006 8.40011 -0.510476 -2.54746e-05
9.33066 -1.33709 -0.510463 9.38805e-13 -5.04006 8.40011 -0.510476 -2.55977e-05
9.19019 -1.20695 -0.510463 9.76996e-13 -5.04006 8.40011 -0.510476 -2.57309e-05
9.05496 -1.07599 -0.510463 1.04539e-12 -5.04006 8.40011 -0.510476 -2.5875e-05
8.92703 -0.945241 -0.510463 9.49907e-13 -5.04006 8.40011 -0.510476 -2.60307e-05
8.8085 -0.815555 -0.510463 9.41025e-13 -5.04006 8.40011 -0.510476 -2.61983e-05
8.70151 -0.68755 -0.510463 8.85958e-13 -5.04007 8.40011 -0.510476 -2.63778e-05
8.60808 -0.561563 -0.510463 9.30367e-13 -5.04007 8.40011 -0.510476 -2.65689e-05
8.53013 -0.437656 -0.510463 9.46798e-13 -5.04007 8.40011 -0.510476 -2.67706e-05
8.46933 -0.315647 -0.510462 1.01918e-12 -5.04007 8.40011 -0.510476 -2.69815e-05
8.42705 -0.195162 -0.510462 9.72e-13 -5.04007 8.40011 -0.510476 -2.71996e-05
8.40428 -0.0756822 -0.510462 9.57567e-13 -5.04007 8.40011 -0.510476 -2.74223e-05
8.40154 0.0433939 -0.510462 9.56762e-13 -5.04007 8.40011 -0.510476 -2.76468e-05
8.41892 0.162702 -0.510462 9.53237e-13 -5.04007 8.40011 -0.510476 -2.78703e-05
8.45599 0.28286 -0.510462 1.00364e-12 -5.04007 8.40011 -0.510476 -2.80899e-05
8.51189 0.404411 -0.510462 9.45244e-13 -5.04007 8.40011 -0.510476 -2.8303e-05
8.58535 0.527777 -0.510462 1.07159e-12 -5.04007 8.40012 -0.510476 -2.85073e-05
8.67476 0.653196 -0.510462 1.04761e-12 -5.04007 8.40012 -0.510476 -2.87014e-05
8.77828 0.780675 -0.510461 1.04805e-12 -5.04007 8.40012 -0.510476 -2.88841e-05
8.89389 0.909955 -0.510461 8.3844e-13 -5.04007 8.40012 -0.510476 -2.9055e-05
9.01948 1.04049 -0.510461 9.25038e-13 -5.04007 8.40012 -0.510476 -2.92138e-05
9.15294 1.17149 -0.510461 9.27702e-13 -5.04007 8.40012 -0.510476 -2.93611e-05
9.29219 1.30196 -0.510461 9.85434e-13 -5.04007 8.40012 -0.510476 -2.94972e-05
9.43524 1.4308 -0.510461 1.02207e-12 -5.04007 8.40012 -0.510476 -2.96229e-05
9.58022 1.55695 -0.510461 1.04428e-12 -5.04007 8.40012 -0.510476 -2.97391e-05
9.7254 1.67945 -0.510461 1.0365e-12 -5.04007 8.40012 -0.510476 -2.98467e-05
9.86919 1.79755 -0.510461 1.02779e-12 -5.04007 8.40012 -0.510476 -2.99466e-05
10.0102 1.91076 -0.510461 1.01275e-12 -5.04007 8.40012 -0.510476 -3.00395e-05
10.147 2.01881 -0.510461 1.04561e-12 -5.04007 8.40012 -0.510476 -3.01263e-05
10.2786 2.12167 -0.510461 1.07736e-12 -5.04007 8.40012 -0.510476 -3.02077e-05
10.4039 2.21946 -0.510461 1.04272e-12 -5.04007 8.40012 -0.510476 -3.02844e-05
10.5221 2.31247 -0.510461 1.03495e-12 -5.04007 8.40012 -0.510476 -3.0357e-05
10.6323 2.40104 -0.510461 1.04095e-12 -5.04007 8.40012 -0.510476 -3.04259e-05
10.7339 2.48558 -0.510461 9.02611e-13 -5.04007 8.40012 -0.510476 -3.04918e-05
10.8263 2.56653 -0.510461 7.42961e-13 -5.04007 8.40012 -0.510476 -3.0555e-05
10.9091 2.64433 -0.510461 7.20535e-13 -5.04007 8.40012 -0.510476 -3.0616e-05
10.9817 2.71941 -0.510461 7.25198e-13 -5.04007 8.40012 -0.510476 -3.0675e-05
11.0439 2.79219 -0.510461 6.53477e-13 -5.04007 8.40012 -0.510476 -3.07324e-05
11.0953 2.8631 -0.51046 6.48814e-13 -5.04008 8.40013 -0.510476 -3.07886e-05
11.1358 2.9325 -0.51046 5.59774e-13 -5.04008 8.40013 -0.510476 -3.08437e-05
11.1651 3.0008 -0.51046 5.80869e-13 -5.04008 8.40013 -0.510476 -3.08981e-05
11.1832 3.06835 -0.51046 5.25913e-13 -5.04008 8.40013 -0.510476 -3.0952e-05
11.1899 3.13551 -0.51046 5.20282e-13 -5.04008 8.40013 -0.510476 -3.10056e-05
11.1852 -3.08054 -0.51046 5.20806e-13 -5.04008 8.40013 -0.510476 -3.10592e-05
11.1692 -3.01309 -0.51046 4.94493e-13 -5.04008 8.40013 -0.510476 -3.1113e-05
11.1419 -2.94496 -0.51046 4.71623e-13 -5.04008 8.40013 -0.510476 -3.11673e-05
11.1035 -2.87578 -0.51046 4.35874e-13 -5.04008 8.40013 -0.510476 -3.12223e-05
11.054 -2.80518 -0.51046 2.47358e-13 -5.04008 8.40013 -0.510476 -3.12782e-05
10.9938 -2.73276 -0.51046 2.01172e-13 -5.04008 8.40013 -0.510476 -3.13354e-05
10.923 -2.65813 -0.51046 5.37348e-14 -5.04008 8.40013 -0.510476 -3.13941e-05
10.8421 -2.58086 -0.51046 7.68274e-14 -5.04008 8.40013 -0.510476 -3.14547e-05
10.7514 -2.50051 -0.51046 1.07025e-13 -5.04008 8.40013 -0.510476 -3.15175e-05
10.6514 -2.41665 -0.51046 8.26006e-14 -5.04008 8.40013 -0.510476 -3.15828e-05
10.5427 -2.32885 -0.51046 8.81517e-14 -5.04008 8.40013 -0.510476 -3.16512e-05
10.4259 -2.23668 -0.51046 1.82077e-13 -5.04008 8.40013 -0.510476 -3.17231e-05
10.3019 -2.13977 -0.51046 1.66533e-13 -5.04008 8.40013 -0.510476 -3.17989e-05
10.1713 -2.03785 -0.51046 2.43805e-13 -5.04008 8.40013 -0.510476 -3.18795e-05
10.0354 -1.93074 -0.51046 2.31259e-13 -5.04008 8.40013 -0.510476 -3.19652e-05
9.89505 -1.81846 -0.51046 2.70728e-13 -5.04008 8.40013 -0.510476 -3.2057e-05
9.75168 -1.70121 -0.51046 2.71977e-13 -5.04008 8.40013 -0.510476 -3.21555e-05
9.60664 -1.57946 -0.51046 2.639e-13 -5.04008 8.40013 -0.510476 -3.22616e-05
9.4615 -1.45391 -0.51046 2.70672e-13 -5.04008 8.40013 -0.510476 -3.23762e-05
9.31796 -1.32548 -0.51046 2.41585e-13 -5.04008 8.40013 -0.510476 -3.25002e-05
9.17788 -1.19523 -0.51046 3.6815e-13 -5.04008 8.40013 -0.510476 -3.26343e-05
9.04322 -1.06425 -0.510459 4.17888e-13 -5.04008 8.40013 -0.510476 -3.27795e-05
8.91605 -0.933565 -0.510459 5.36904e-13 -5.04008 8.40014 -0.510476 -3.29362e-05
8.79847 -0.80401 -0.510459 4.44533e-13 -5.04008 8.40014 -0.510476 -3.31049e-05
8.69261 -0.676178 -0.510459 5.51559e-13 -5.04008 8.40014 -0.510476 -3.32855e-05
8.60049 -0.550379 -0.510459 5.26246e-13 -5.04008 8.40014 -0.510476 -3.34775e-05
8.52401 -0.426654 -0.510459 4.48308e-13 -5.04008 8.40014 -0.510476 -3.36801e-05
8.46482 -0.304801 -0.510459 4.26548e-13 -5.04008 8.40014 -0.510476 -3.38918e-05
8.42426 -0.184429 -0.510459 4.311e-13 -5.04008 8.40014 -0.510476 -3.41103e-05
8.40326 -0.0650118 -0.510459 4.25215e-13 -5.04008 8.40014 -0.510476 -3.43333e-05
8.40233 0.054058 -0.510459 4.24716e-13 -5.04008 8.40014 -0.510476 -3.45579e-05
8.4215 0.173417 -0.510458 4.31766e-13 -5.04008 8.40014 -0.510476 -3.47812e-05
8.4603 0.293677 -0.510458 5.44897e-13 -5.04009 8.40014 -0.510476 -3.50002e-05
8.51782 0.415376 -0.510458 5.79758e-13 -5.04009 8.40014 -0.510476 -3.52126e-05
8.59278 0.538917 -0.510458 5.76428e-13 -5.04009 8.40014 -0.510476 -3.54161e-05
8.68353 0.664523 -0.510458 6.52367e-13 -5.04009 8.40014 -0.510476 -3.56092e-05
8.78822 0.792177 -0.510458 5.90639e-13 -5.04009 8.40014 -0.510476 -3.57908e-05
8.9048 0.921594 -0.510458 5.71987e-13 -5.04009 8.40015 -0.510476 -3.59606e-05
9.03119 1.05221 -0.510458 6.05738e-13 -5.04009 8.40015 -0.510476 -3.61184e-05
9.16525 1.1832 -0.510458 5.52669e-13 -5.04009 8.40015 -0.510476 -3.62646e-05
9.30492 1.31356 -0.510458 4.1922e-13 -5.04009 8.40015 -0.510476 -3.63997e-05
9.44821 1.44221 -0.510458 3.5838e-13 -5.04009 8.40015 -0.510476 -3.65246e-05
9.59328 1.56806 -0.510457 3.60378e-13 -5.04009 8.40015 -0.510476 -3.664e-05
9.7384 1.69019 -0.510457 3.45446e-13 -5.04009 8.40015 -0.510476 -3.67469e-05
9.88199 1.80788 -0.510457 3.43614e-13 -5.04009 8.40015 -0.510476 -3.68461e-05
10.0226 1.92063 -0.510457 3.33844e-13 -5.04009 8.40015 -0.510476 -3.69384e-05
10.1591 2.02822 -0.510457 3.55049e-13 -5.04009 8.40015 -0.510476 -3.70247e-05
10.2901 2.13061 -0.510457 3.01092e-13 -5.04009 8.40015 -0.510476 -3.71057e-05
10.4149 2.22797 -0.510457 3.52829e-13 -5.04009 8.40015 -0.510476 -3.7182e-05
10.5323 2.32056 -0.510457 2.56017e-13 -5.04009 8.40015 -0.510476 -3.72542e-05
10.6418 2.40875 -0.510457 3.61267e-13 -5.04009 8.40015 -0.510476 -3.73229e-05
10.7426 2.49295 -0.510457 3.18856e-13 -5.04009 8.40015 -0.510476 -3.73885e-05
10.8342 2.5736 -0.510457 4.26326e-13 -5.04009 8.40015 -0.510476 -3.74515e-05
10.9161 2.65114 -0.510457 3.92797e-13 -5.04009 8.40015 -0.510476 -3.75122e-05
10.9878 2.72599 -0.510457 4.15001e-13 -5.04009 8.40015 -0.510476 -3.75711e-05
11.049 2.79859 -0.510457 3.42837e-13 -5.04009 8.40015 -0.510476 -3.76284e-05
11.0995 2.86935 -0.510457 2.63123e-13 -5.04009 8.40015 -0.510476 -3.76844e-05
11.1389 2.93864 -0.510457 3.07532e-13 -5.04009 8.40015 -0.510476 -3.77395e-05
11.1673 3.00685 -0.510457 2.911e-13 -5.04009 8.40015 -0.510476 -3.77938e-05
11.1843 3.07435 -0.510457 2.97373e-13 -5.04009 8.40015 -0.510476 -3.78477e-05
11.19 3.1415 -0.510457 3.16531e-13 -5.04009 8.40015 -0.510476 -3.79013e-05
11.1843 -3.07454 -0.510457 3.17468e-13 -5.04009 8.40015 -0.510476 -3.79549e-05
11.1673 -3.00705 -0.510457 3.12861e-13 -5.04009 8.40015 -0.510476 -3.80087e-05
11.1391 -2.93883 -0.510457 3.04312e-13 -5.04009 8.40016 -0.510476 -3.80631e-05
11.0996 -2.86954 -0.510457 3.45279e-13 -5.04009 8.40016 -0.510476 -3.81181e-05
11.0492 -2.7988 -0.510457 2.51577e-13 -5.04009 8.40016 -0.510476 -3.81742e-05
10.988 -2.7262 -0.510457 2.42029e-13 -5.04009 8.40016 -0.510476 -3.82315e-05
10.9163 -2.65135 -0.510457 2.26708e-13 -5.04009 8.40016 -0.510476 -3.82903e-05
10.8345 -2.57382 -0.510457 3.12639e-13 -5.04009 8.40016 -0.510476 -3.83511e-05
10.7429 -2.49319 -0.510457 3.70592e-13 -5.04009 8.40016 -0.510476 -3.84141e-05
10.6422 -2.40899 -0.510457 3.83471e-13 -5.04009 8.40016 -0.510476 -3.84797e-05
10.5327 -2.32082 -0.510457 3.11529e-13 -5.04009 8.40016 -0.510476 -3.85483e-05
10.4152 -2.22824 -0.510456 3.01092e-13 -5.04009 8.40016 -0.510476 -3.86205e-05
10.2906 -2.1309 -0.510456 3.31513e-13 -5.0401 8.40016 -0.510476 -3.86968e-05
10.1595 -2.02852 -0.510456 3.00426e-13 -5.0401 8.40016 -0.510476 -3.87778e-05
10.0231 -1.92095 -0.510456 3.41838e-13 -5.0401 8.40016 -0.510476 -3.8864e-05
9.88246 -1.80821 -0.510456 3.32123e-13 -5.0401 8.40016 -0.510476 -3.89564e-05
9.73887 -1.69054 -0.510456 3.21576e-13 -5.0401 8.40016 -0.510476 -3.90555e-05
9.59376 -1.56842 -0.510456 3.14637e-13 -5.0401 8.40016 -0.510476 -3.91624e-05
9.44869 -1.44258 -0.510456 2.56239e-13 -5.0401 8.40016 -0.510476 -3.92777e-05
9.30539 -1.31395 -0.510456 2.57128e-13 -5.0401 8.40016 -0.510476 -3.94026e-05
9.16571 -1.18359 -0.510456 3.0953e-13 -5.0401 8.40016 -0.510476 -3.95377e-05
9.03163 -1.0526 -0.510456 2.86438e-13 -5.0401 8.40016 -0.510476 -3.96838e-05
8.90522 -0.92198 -0.510456 2.49578e-13 -5.0401 8.40016 -0.510476 -3.98416e-05
8.7886 -0.79256 -0.510456 3.7792e-13 -5.0401 8.40016 -0.510476 -4.00113e-05
8.68388 -0.664901 -0.510456 2.5846e-13 -5.0401 8.40016 -0.510476 -4.01929e-05
8.59308 -0.539291 -0.510456 1.88294e-13 -5.0401 8.40017 -0.510476 -4.0386e-05
8.51808 -0.415744 -0.510455 1.6831e-13 -5.0401 8.40017 -0.510476 -4.05895e-05
8.46049 -0.294042 -0.510455 1.19016e-13 -5.0401 8.40017 -0.510476 -4.08018e-05
8.42164 -0.173779 -0.510455 7.31637e-14 -5.0401 8.40017 -0.510476 -4.10208e-05
8.40241 -0.0544194 -0.510455 1.23734e-13 -5.0401 8.40017 -0.510476 -4.12441e-05
8.40328 0.0646493 -0.510455 1.15241e-13 -5.0401 8.40017 -0.510476 -4.14687e-05
8.42421 0.184063 -0.510455 1.44107e-13 -5.0401 8.40017 -0.510476 -4.16917e-05
8.46472 0.30443 -0.510455 1.48104e-13 -5.0401 8.40017 -0.510476 -4.19102e-05
8.52385 0.426277 -0.510455 1.48548e-13 -5.0401 8.40017 -0.510476 -4.21219e-05
8.60028 0.549996 -0.510455 -3.73035e-14 -5.0401 8.40017 -0.510476 -4.23245e-05
8.69236 0.675786 -0.510454 -1.13687e-13 -5.0401 8.40017 -0.510476 -4.25166e-05
8.79818 0.803612 -0.510454 -6.39488e-14 -5.0401 8.40017 -0.510476 -4.26972e-05
8.91572 0.933161 -0.510454 -1.5099e-14 -5.0401 8.40017 -0.510476 -4.28659e-05
9.04287 1.06384 -0.510454 -1.54099e-13 -5.0401 8.40017 -0.510476 -4.30227e-05
9.17752 1.19482 -0.510454 -1.04139e-13 -5.0401 8.40017 -0.510476 -4.31678e-05
9.31759 1.32508 -0.510454 -1.57208e-13 -5.04011 8.40018 -0.510476 -4.3302e-05
9.46112 1.45351 -0.510454 -1.34559e-13 -5.04011 8.40018 -0.510476 -4.3426e-05
9.60626 1.57907 -0.510454 -1.7164e-13 -5.04011 8.40018 -0.510476 -4.35406e-05
9.7513 1.70083 -0.510454 -1.8005e-13 -5.04011 8.40018 -0.510476 -4.36468e-05
9.89469 1.81809 -0.510454 -1.66478e-13 -5.04011 8.40018 -0.510476 -4.37453e-05
10.035 1.93039 -0.510454 -2.11053e-13 -5.04011 8.40018 -0.510476 -4.38371e-05
10.171 2.03752 -0.510454 -2.69784e-13 -5.04011 8.40018 -0.510476 -4.39229e-05
10.3016 2.13945 -0.510454 -2.96208e-13 -5.04011 8.40018 -0.510476 -4.40034e-05
10.4257 2.23637 -0.510454 -2.29816e-13 -5.04011 8.40018 -0.510476 -4.40793e-05
10.5425 2.32856 -0.510454 -4.07452e-13 -5.04011 8.40018 -0.510476 -4.41512e-05
10.6512 2.41637 -0.510454 -3.40838e-13 -5.04011 8.40018 -0.510476 -4.42196e-05
10.7512 2.50024 -0.510454 -2.59348e-13 -5.04011 8.40018 -0.510476 -4.42849e-05
10.8419 2.5806 -0.510454 -2.62235e-13 -5.04011 8.40018 -0.510476 -4.43477e-05
10.9229 2.65788 -0.510454 -2.96208e-13 -5.04011 8.40018 -0.510476 -4.44083e-05
10.9937 2.73252 -0.510453 -2.74003e-13 -5.04011 8.40018 -0.510476 -4.4467e-05
11.054 2.80494 -0.510453 -2.13829e-13 -5.04011 8.40018 -0.510476 -4.45242e-05
11.1035 2.87554 -0.510453 -5.50671e-14 -5.04011 8.40018 -0.510476 -4.45801e-05
11.142 2.94472 -0.510453 2.62013e-14 -5.04011 8.40018 -0.510476 -4.46351e-05
11.1693 3.01286 -0.510453 8.77076e-15 -5.04011 8.40018 -0.510476 -4.46894e-05
11.1854 3.08031 -0.510453 1.69864e-14 -5.04011 8.40018 -0.510476 -4.47432e-05
11.1901 -3.13574 -0.510453 2.44353e-14 -5.04011 8.40018 -0.510476 -4.47968e-05
11.1834 -3.06858 -0.510453 3.53051e-14 -5.04011 8.40018 -0.510476 -4.48504e-05
11.1654 -3.00104 -0.510453 7.99361e-15 -5.04011 8.40018 -0.510476 -4.49043e-05
11.1361 -2.93275 -0.510453 1.26565e-14 -5.04011 8.40018 -0.510476 -4.49587e-05
11.0957 -2.86334 -0.510453 4.66294e-14 -5.04011 8.40018 -0.510476 -4.50138e-05
11.0443 -2.79245 -0.510453 -6.15064e-14 -5.04011 8.40018 -0.510476 -4.507e-05
10.9821 -2.71967 -0.510453 1.24789e-13 -5.04011 8.40018 -0.510476 -4.51274e-05
10.9095 -2.6446 -0.510453 1.64757e-13 -5.04011 8.40018 -0.510476 -4.51864e-05
10.8268 -2.56682 -0.510453 4.84057e-14 -5.04011 8.40018 -0.510476 -4.52473e-05
10.7345 -2.48588 -0.510453 1.08802e-13 -5.04011 8.40019 -0.510476 -4.53105e-05
10.6329 -2.40136 -0.510453 8.52651e-14 -5.04011 8.40019 -0.510476 -4.53764e-05
10.5227 -2.31281 -0.510453 7.61613e-14 -5.04011 8.40019 -0.510476 -4.54453e-05
10.4046 -2.21982 -0.510453 6.66134e-15 -5.04011 8.40019 -0.510476 -4.55179e-05
10.2793 -2.12205 -0.510453 7.83817e-14 -5.04011 8.40019 -0.510476 -4.55945e-05
10.1477 -2.01922 -0.510453 5.4845e-14 -5.04011 8.40019 -0.510476 -4.56759e-05
10.0109 -1.91119 -0.510453 5.44009e-15 -5.04011 8.40019 -0.510476 -4.57627e-05
9.86993 -1.798 -0.510453 3.04756e-14 -5.04011 8.40019 -0.510476 -4.58556e-05
9.72615 -1.67992 -0.510453 1.92624e-14 -5.04011 8.40019 -0.510476 -4.59554e-05
9.58097 -1.55744 -0.510453 2.81997e-14 -5.04011 8.40019 -0.510476 -4.6063e-05
9.43599 -1.43131 -0.510453 9.59233e-14 -5.04011 8.40019 -0.510476 -4.61791e-05
9.29293 -1.30248 -0.510453 1.05693e-13 -5.04011 8.40019 -0.510476 -4.63048e-05
9.15366 -1.17202 -0.510452 1.39888e-13 -5.04011 8.40019 -0.510476 -4.64409e-05
9.02017 -1.04103 -0.510452 1.46105e-13 -5.04011 8.40019 -0.510476 -4.6588e-05
8.89455 -0.910488 -0.510452 2.4869e-13 -5.04011 8.40019 -0.510476 -4.67469e-05
8.7789 -0.781205 -0.510452 1.51434e-13 -5.04012 8.40019 -0.510476 -4.69176e-05
8.67532 -0.653721 -0.510452 2.71783e-13 -5.04012 8.40019 -0.510476 -4.71003e-05
8.58585 -0.528297 -0.510452 6.57252e-14 -5.04012 8.40019 -0.510476 -4.72943e-05
8.51232 -0.404926 -0.510452 -1.31672e-13 -5.04012 8.40019 -0.510476 -4.74986e-05
8.45634 -0.283371 -0.510452 -1.66089e-13 -5.04012 8.40019 -0.510476 -4.77116e-05
8.41919 -0.163212 -0.510452 -1.81188e-13 -5.04012 8.4002 -0.510476 -4.79312e-05
8.40173 -0.0439044 -0.510452 -1.91513e-13 -5.04012 8.4002 -0.510476 -4.81546e-05
8.40437 0.0751681 -0.510451 -1.95288e-13 -5.04012 8.4002 -0.510476 -4.83792e-05
8.42706 0.194641 -0.510451 -2.05724e-13 -5.04012 8.4002 -0.510476 -4.86019e-05
8.46926 0.315118 -0.510451 -1.96954e-13 -5.04012 8.4002 -0.510476 -4.882e-05
8.52998 0.437116 -0.510451 -1.43885e-13 -5.04012 8.4002 -0.510476 -4.90309e-05
8.60786 0.561011 -0.510451 -1.3145e-13 -5.04012 8.4002 -0.510476 -4.92326e-05
8.70122 0.686986 -0.510451 1.51434e-13 -5.04012 8.4002 -0.510476 -4.94237e-05
8.80817 0.814979 -0.510451 1.11022e-13 -5.04012 8.4002 -0.510476 -4.96033e-05
8.92664 0.944655 -0.510451 1.05249e-13 -5.04012 8.4002 -0.510476 -4.97709e-05
9.05454 1.0754 -0.510451 2.17604e-13 -5.04012 8.4002 -0.510476 -4.99266e-05
9.18974 1.20636 -0.510451 3.33067e-13 -5.04012 8.4002 -0.510476 -5.00708e-05
9.33019 1.33649 -0.510451 4.59188e-13 -5.04012 8.4002 -0.510476 -5.02041e-05
9.47394 1.46471 -0.51045 5.15699e-13 -5.04012 8.4002 -0.510476 -5.03272e-05
9.61914 1.58997 -0.51045 5.52336e-13 -5.04012 8.4002 -0.510476 -5.0441e-05
9.76409 1.71136 -0.51045 5.39985e-13 -5.04012 8.4002 -0.510476 -5.05465e-05
9.90727 1.8282 -0.51045 5.48117e-13 -5.04012 8.40021 -0.510476 -5.06444e-05
10.0473 1.94004 -0.51045 5.72986e-13 -5.04012 8.40021 -0.510476 -5.07356e-05
10.1828 2.04671 -0.51045 6.50369e-13 -5.04012 8.40021 -0.510476 -5.08209e-05
10.3128 2.14819 -0.51045 5.87974e-13 -5.04012 8.40021 -0.510476 -5.0901e-05
10.4363 2.24468 -0.51045 5.99742e-13 -5.04012 8.40021 -0.510476 -5.09765e-05
10.5524 2.33646 -0.51045 4.98934e-13 -5.04012 8.40021 -0.510476 -5.1048e-05
10.6604 2.42391 -0.51045 6.15952e-13 -5.04012 8.40021 -0.510476 -5.11161e-05
10.7597 2.50745 -0.51045 6.80789e-13 -5.04012 8.40021 -0.510476 -5.11813e-05
10.8496 2.58752 -0.51045 6.41043e-13 -5.04012 8.40021 -0.510476 -5.12438e-05
10.9296 2.66455 -0.51045 6.72795e-13 -5.04013 8.40021 -0.510476 -5.13042e-05
10.9995 2.73897 -0.51045 6.9722e-13 -5.04013 8.40021 -0.510476 -5.13628e-05
11.0589 2.81122 -0.51045 6.27942e-13 -5.04013 8.40021 -0.510476 -5.14198e-05
11.1074 2.88168 -0.51045 6.48814e-13 -5.04013 8.40021 -0.510476 -5.14757e-05
11.1449 2.95076 -0.51045 6.14619e-13 -5.04013 8.40021 -0.510476 -5.15306e-05
11.1713 3.01882 -0.51045 6.70797e-13 -5.04013 8.40021 -0.510476 -5.15848e-05
11.1863 3.08623 -0.51045 6.5925e-13 -5.04013 8.40021 -0.510476 -5.16386e-05
11.19 -3.12984 -0.51045 6.69693e-13 -5.04013 8.40021 -0.510476 -5.16922e-05
11.1823 -3.06266 -0.51045 6.75848e-13 -5.04013 8.40021 -0.510476 -5.17458e-05
11.1633 -2.99507 -0.51045 6.79123e-13 -5.04013 8.40021 -0.510476 -5.17997e-05
11.1331 -2.92669 -0.51045 6.00409e-13 -5.04013 8.40021 -0.510476 -5.18542e-05
11.0917 -2.85718 -0.51045 5.94635e-13 -5.04013 8.40021 -0.510476 -5.19094e-05
11.0393 -2.78613 -0.51045 6.32383e-13 -5.04013 8.40021 -0.510476 -5.19656e-05
10.9763 -2.71317 -0.51045 6.90337e-13 -5.04013 8.40021 -0.510476 -5.20232e-05
10.9028 -2.63788 -0.51045 6.27054e-13 -5.04013 8.40021 -0.510476 -5.20823e-05
10.8192 -2.55984 -0.51045 7.10321e-13 -5.04013 8.40021 -0.510476 -5.21434e-05
10.726 -2.47861 -0.51045 5.95302e-13 -5.04013 8.40021 -0.510476 -5.22068e-05
10.6236 -2.39375 -0.51045 7.11431e-13 -5.04013 8.40021 -0.510476 -5.2273e-05
10.5127 -2.30482 -0.510449 8.03357e-13 -5.04013 8.40021 -0.510476 -5.23422e-05
10.3939 -2.21143 -0.510449 8.60867e-13 -5.04013 8.40021 -0.510476 -5.24151e-05
10.268 -2.11322 -0.510449 8.96616e-13 -5.04013 8.40021 -0.510476 -5.24921e-05
10.136 -2.00994 -0.510449 9.07607e-13 -5.04013 8.40022 -0.510476 -5.2574e-05
9.99872 -1.90145 -0.510449 9.18043e-13 -5.04013 8.40022 -0.510476 -5.26612e-05
9.85747 -1.78783 -0.510449 8.86929e-13 -5.04013 8.40022 -0.510476 -5.27547e-05
9.71351 -1.66933 -0.510449 8.74745e-13 -5.04013 8.40022 -0.510476 -5.28552e-05
9.56828 -1.5465 -0.510449 8.09131e-13 -5.04013 8.40022 -0.510476 -5.29634e-05
9.42339 -1.42009 -0.510449 8.21565e-13 -5.04013 8.40022 -0.510476 -5.30804e-05
9.28059 -1.29108 -0.510449 7.7871e-13 -5.04013 8.40022 -0.510476 -5.3207e-05
9.14175 -1.16053 -0.510449 7.70717e-13 -5.04013 8.40022 -0.510476 -5.3344e-05
9.00887 -1.02954 -0.510449 9.43245e-13 -5.04013 8.40022 -0.510476 -5.34921e-05
8.88403 -0.899087 -0.510449 9.31699e-13 -5.04013 8.40022 -0.510476 -5.3652e-05
8.76935 -0.769945 -0.510449 1.15419e-12 -5.04013 8.40022 -0.510476 -5.38238e-05
8.66694 -0.642637 -0.510449 1.20481e-12 -5.04013 8.40022 -0.510476 -5.40075e-05
8.57879 -0.517398 -0.510449 1.25677e-12 -5.04013 8.40022 -0.510476 -5.42025e-05
8.50674 -0.3942 -0.510448 1.14087e-12 -5.04013 8.40022 -0.510476 -5.44076e-05
8.45237 -0.272787 -0.510448 1.07603e-12 -5.04013 8.40022 -0.510476 -5.46213e-05
8.41691 -0.152727 -0.510448 1.13287e-12 -5.04013 8.40022 -0.510476 -5.48412e-05
8.4012 -0.0334665 -0.510448 1.13962e-12 -5.04013 8.40022 -0.510476 -5.50649e-05
8.40562 0.0856149 -0.510448 1.15291e-12 -5.04014 8.40023 -0.510476 -5.52894e-05
8.43004 0.205152 -0.510448 1.10278e-12 -5.04014 8.40023 -0.510476 -5.55118e-05
8.47391 0.325742 -0.510448 1.13287e-12 -5.04014 8.40023 -0.510476 -5.57294e-05
8.53619 0.447892 -0.510448 1.20237e-12 -5.04014 8.40023 -0.510476 -5.59395e-05
8.6155 0.571965 -0.510448 1.1382e-12 -5.04014 8.40023 -0.510476 -5.61404e-05
8.71013 0.698121 -0.510447 1.17595e-12 -5.04014 8.40023 -0.510476 -5.63305e-05
8.81817 0.826278 -0.510447 1.20393e-12 -5.04014 8.40023 -0.510476 -5.65091e-05
8.93756 0.956075 -0.510447 1.21503e-12 -5.04014 8.40023 -0.510476 -5.66756e-05
9.06617 1.08687 -0.510447 1.28031e-12 -5.04014 8.40023 -0.510476 -5.68303e-05
9.20192 1.2178 -0.510447 1.3447e-12 -5.04014 8.40023 -0.510476 -5.69735e-05
9.34274 1.34781 -0.510447 1.36646e-12 -5.04014 8.40023 -0.510476 -5.71058e-05
9.48668 1.47581 -0.510447 1.31373e-12 -5.04014 8.40023 -0.510476 -5.72281e-05
9.63192 1.60076 -0.510447 1.21059e-12 -5.04014 8.40023 -0.510476 -5.73412e-05
9.77678 1.72178 -0.510447 1.2154e-12 -5.04014 8.40023 -0.510476 -5.74459e-05
9.91973 1.83819 -0.510447 1.2304e-12 -5.04014 8.40023 -0.510476 -5.75432e-05
10.0594 1.94959 -0.510447 1.24478e-12 -5.04014 8.40023 -0.510476 -5.76338e-05
10.1945 2.05579 -0.510447 1.25655e-12 -5.04014 8.40023 -0.510476 -5.77187e-05
10.324 2.15683 -0.510447 1.24034e-12 -5.04014 8.40023 -0.510476 -5.77983e-05
10.4469 2.25289 -0.510447 1.1311e-12 -5.04014 8.40023 -0.510476 -5.78735e-05
10.5623 2.34428 -0.510447 1.19149e-12 -5.04014 8.40024 -0.510476 -5.79447e-05
10.6696 2.43137 -0.510447 1.22791e-12 -5.04014 8.40024 -0.510476 -5.80125e-05
10.768 2.51459 -0.510447 1.22591e-12 -5.04014 8.40024 -0.510476 -5.80774e-05
10.857 2.59437 -0.510447 1.33227e-12 -5.04014 8.40024 -0.510476 -5.81397e-05
10.9362 2.67115 -0.510446 1.33604e-12 -5.04014 8.40024 -0.510476 -5.82e-05
11.0052 2.74537 -0.510446 1.20171e-12 -5.04014 8.40024 -0.510476 -5.82584e-05
11.0636 2.81744 -0.510446 1.18394e-12 -5.04014 8.40024 -0.510476 -5.83153e-05
11.1112 2.88777 -0.510446 1.16462e-12 -5.04014 8.40024 -0.510476 -5.83711e-05
11.1478 2.95674 -0.510446 1.14608e-12 -5.04014 8.40024 -0.510476 -5.84259e-05
11.1731 3.02473 -0.510446 1.18405e-12 -5.04014 8.40024 -0.510476 -5.84801e-05
11.1872 3.0921 -0.510446 1.17778e-12 -5.04014 8.40024 -0.510476 -5.85338e-05
11.1899 -3.12398 -0.510446 1.17704e-12 -5.04014 8.40024 -0.510476 -5.85874e-05
11.1812 -3.05678 -0.510446 1.20304e-12 -5.04014 8.40024 -0.510476 -5.86411e-05
11.1612 -2.98913 -0.510446 1.19049e-12 -5.04014 8.40024 -0.510476 -5.8695e-05
11.13 -2.92068 -0.510446 1.09979e-12 -5.04014 8.40024 -0.510476 -5.87495e-05
11.0876 -2.85104 -0.510446 1.16107e-12 -5.04014 8.40024 -0.510476 -5.88048e-05
11.0343 -2.77985 -0.510446 1.15996e-12 -5.04014 8.40024 -0.510476 -5.88611e-05
10.9703 -2.7067 -0.510446 1.1191e-12 -5.04014 8.40024 -0.510476 -5.89188e-05
10.8959 -2.63119 -0.510446 1.28919e-12 -5.04014 8.40024 -0.510476 -5.89781e-05
10.8115 -2.55289 -0.510446 1.28253e-12 -5.04014 8.40024 -0.510476 -5.90394e-05
10.7175 -2.47136 -0.510446 1.19371e-12 -5.04014 8.40024 -0.510476 -5.9103e-05
10.6144 -2.38616 -0.510446 1.26255e-12 -5.04015 8.40024 -0.510476 -5.91694e-05
10.5027 -2.29686 -0.510446 1.25699e-12 -5.04015 8.40024 -0.510476 -5.92389e-05
10.3833 -2.20307 -0.510446 1.27476e-12 -5.04015 8.40024 -0.510476 -5.93122e-05
10.2568 -2.10442 -0.510446 1.33982e-12 -5.04015 8.40024 -0.510476 -5.93896e-05
10.1243 -2.00069 -0.510446 1.3799e-12 -5.04015 8.40024 -0.510476 -5.94719e-05
9.98662 -1.89175 -0.510446 1.39577e-12 -5.04015 8.40024 -0.510476 -5.95597e-05
9.84507 -1.77769 -0.510446 1.36252e-12 -5.04015 8.40024 -0.510476 -5.96537e-05
9.70094 -1.65879 -0.510446 1.36957e-12 -5.04015 8.40024 -0.510476 -5.97548e-05
9.55568 -1.53561 -0.510446 1.36302e-12 -5.04015 8.40025 -0.510476 -5.98638e-05
9.4109 -1.40894 -0.510446 1.29918e-12 -5.04015 8.40025 -0.510476 -5.99816e-05
9.26837 -1.27975 -0.510446 1.27165e-12 -5.04015 8.40025 -0.510476 -6.0109e-05
9.12996 -1.14913 -0.510445 1.34004e-12 -5.04015 8.40025 -0.510476 -6.0247e-05
8.9977 -1.01815 -0.510445 1.51035e-12 -5.04015 8.40025 -0.510476 -6.03961e-05
8.87366 -0.887778 -0.510445 1.57385e-12 -5.04015 8.40025 -0.510476 -6.0557e-05
8.75997 -0.758781 -0.510445 1.49436e-12 -5.04015 8.40025 -0.510476 -6.07299e-05
8.65872 -0.631648 -0.510445 1.53388e-12 -5.04015 8.40025 -0.510476 -6.09145e-05
8.5719 -0.506593 -0.510445 1.68887e-12 -5.04015 8.40025 -0.510476 -6.11104e-05
8.50134 -0.383565 -0.510445 1.76681e-12 -5.04015 8.40025 -0.510476 -6.13164e-05
8.44857 -0.26229 -0.510445 1.76037e-12 -5.04015 8.40025 -0.510476 -6.15307e-05
8.4148 -0.142324 -0.510445 1.73928e-12 -5.04015 8.40025 -0.510476 -6.17511e-05
8.40084 -0.0231051 -0.510445 1.76334e-12 -5.04015 8.40025 -0.510476 -6.1975e-05
8.407 0.0959898 -0.510444 1.77225e-12 -5.04015 8.40025 -0.510476 -6.21994e-05
8.43315 0.215595 -0.510444 1.80567e-12 -5.04015 8.40025 -0.510476 -6.24215e-05
8.47866 0.336301 -0.510444 1.7204e-12 -5.04015 8.40025 -0.510476 -6.26384e-05
8.54249 0.458606 -0.510444 1.76903e-12 -5.04015 8.40026 -0.510476 -6.28479e-05
8.6232 0.582855 -0.510444 1.63514e-12 -5.04015 8.40026 -0.510476 -6.30479e-05
8.71908 0.709191 -0.510444 1.76259e-12 -5.04015 8.40026 -0.510476 -6.3237e-05
8.82819 0.837508 -0.510444 1.69553e-12 -5.04015 8.40026 -0.510476 -6.34145e-05
8.94846 0.96742 -0.510444 1.64668e-12 -5.04015 8.40026 -0.510476 -6.358e-05
9.07778 1.09827 -0.510444 1.57696e-12 -5.04016 8.40026 -0.510476 -6.37337e-05
9.21405 1.22915 -0.510444 1.72173e-12 -5.04016 8.40026 -0.510476 -6.38759e-05
9.35521 1.35903 -0.510444 1.65201e-12 -5.04016 8.40026 -0.510476 -6.40073e-05
9.49934 1.48681 -0.510443 1.59361e-12 -5.04016 8.40026 -0.510476 -6.41287e-05
9.64462 1.61145 -0.510443 1.56436e-12 -5.04016 8.40026 -0.510476 -6.4241e-05
9.78937 1.73208 -0.510443 1.5613e-12 -5.04016 8.40026 -0.510476 -6.43451e-05
9.93208 1.84807 -0.510443 1.56025e-12 -5.04016 8.40026 -0.510476 -6.44418e-05
10.0714 1.95902 -0.510443 1.5471e-12 -5.04016 8.40026 -0.510476 -6.45319e-05
10.2061 2.06477 -0.510443 1.51923e-12 -5.04016 8.40026 -0.510476 -6.46162e-05
10.335 2.16537 -0.510443 1.53477e-12 -5.04016 8.40026 -0.510476 -6.46955e-05
10.4573 2.26101 -0.510443 1.49258e-12 -5.04016 8.40026 -0.510476 -6.47703e-05
10.572 2.352 -0.510443 1.52323e-12 -5.04016 8.40026 -0.510476 -6.48412e-05
10.6785 2.43874 -0.510443 1.46239e-12 -5.04016 8.40026 -0.510476 -6.49087e-05
10.7762 2.52164 -0.510443 1.41442e-12 -5.04016 8.40026 -0.510476 -6.49733e-05
10.8644 2.60115 -0.510443 1.47349e-12 -5.04016 8.40026 -0.510476 -6.50355e-05
10.9427 2.67769 -0.510443 1.41642e-12 -5.04016 8.40026 -0.510476 -6.50955e-05
11.0108 2.7517 -0.510443 1.39044e-12 -5.04016 8.40026 -0.510476 -6.51538e-05
11.0683 2.82361 -0.510443 1.36868e-12 -5.04016 8.40027 -0.510476 -6.52106e-05
11.1149 2.8938 -0.510443 1.31473e-12 -5.04016 8.40027 -0.510476 -6.52663e-05
11.1505 2.96267 -0.510443 1.40732e-12 -5.04016 8.40027 -0.510476 -6.53211e-05
11.1749 3.03059 -0.510443 1.40943e-12 -5.04016 8.40027 -0.510476 -6.53752e-05
11.1879 3.09792 -0.510443 1.40421e-12 -5.04016 8.40027 -0.510476 -6.54289e-05
11.1897 -3.11816 -0.510443 1.39921e-12 -5.04016 8.40027 -0.510476 -6.54825e-05
11.18 -3.05094 -0.510443 1.37423e-12 -5.04016 8.40027 -0.510476 -6.55362e-05
11.159 -2.98324 -0.510443 1.38312e-12 -5.04016 8.40027 -0.510476 -6.55901e-05
11.1268 -2.91469 -0.510443 1.30829e-12 -5.04016 8.40027 -0.510476 -6.56447e-05
11.0835 -2.84494 -0.510443 1.26144e-12 -5.04016 8.40027 -0.510476 -6.57001e-05
11.0293 -2.77359 -0.510443 1.27742e-12 -5.04016 8.40027 -0.510476 -6.57565e-05
10.9644 -2.70026 -0.510443 1.38467e-12 -5.04016 8.40027 -0.510476 -6.58143e-05
10.8891 -2.62452 -0.510443 1.37335e-12 -5.04016 8.40027 -0.510476 -6.58738e-05
10.8038 -2.54596 -0.510443 1.44462e-12 -5.04016 8.40027 -0.510476 -6.59353e-05
10.709 -2.46413 -0.510442 1.5099e-12 -5.04016 8.40027 -0.510476 -6.59991e-05
10.6051 -2.37859 -0.510442 1.54654e-12 -5.04016 8.40027 -0.510476 -6.60657e-05
10.4928 -2.28892 -0.510442 1.64535e-12 -5.04016 8.40027 -0.510476 -6.61356e-05
10.3727 -2.19472 -0.510442 1.63425e-12 -5.04016 8.40027 -0.510476 -6.62091e-05
10.2456 -2.09565 -0.510442 1.60716e-12 -5.04016 8.40027 -0.510476 -6.6287e-05
10.1126 -1.99147 -0.510442 1.62359e-12 -5.04016 8.40027 -0.510476 -6.63697e-05
9.97457 -1.88208 -0.510442 1.60838e-12 -5.04016 8.40027 -0.510476 -6.6458e-05
9.83275 -1.76758 -0.510442 1.57478e-12 -5.04016 8.40027 -0.510476 -6.65526e-05
9.68846 -1.64829 -0.510442 1.56869e-12 -5.04016 8.40027 -0.510476 -6.66543e-05
9.54318 -1.52478 -0.510442 1.54232e-12 -5.04016 8.40027 -0.510476 -6.6764e-05
9.39852 -1.39785 -0.510442 1.57252e-12 -5.04016 8.40027 -0.510476 -6.68826e-05
9.25627 -1.26849 -0.510442 1.59761e-12 -5.04016 8.40027 -0.510476 -6.70109e-05
9.11831 -1.1378 -0.510442 1.38156e-12 -5.04016 8.40027 -0.510476 -6.71498e-05
8.98668 -1.00684 -0.510442 1.56053e-12 -5.04017 8.40028 -0.510476 -6.73e-05
8.86345 -0.876562 -0.510442 1.43796e-12 -5.04017 8.40028 -0.510476 -6.74619e-05
8.75075 -0.747711 -0.510442 1.40199e-12 -5.04017 8.40028 -0.510476 -6.76358e-05
8.65067 -0.620755 -0.510442 1.31495e-12 -5.04017 8.40028 -0.510476 -6.78214e-05
8.56519 -0.495882 -0.510441 1.23723e-12 -5.04017 8.40028 -0.510476 -6.80183e-05
8.4961 -0.37302 -0.510441 1.17684e-12 -5.04017 8.40028 -0.510476 -6.8225e-05
8.44494 -0.251879 -0.510441 1.27631e-12 -5.04017 8.40028 -0.510476 -6.84399e-05
8.41286 -0.132002 -0.510441 1.26432e-12 -5.04017 8.40028 -0.510476 -6.86607e-05
8.40063 -0.0128197 -0.510441 1.27572e-12 -5.04017 8.40028 -0.510476 -6.88848e-05
8.40853 0.106293 -0.510441 1.27254e-12 -5.04017 8.40028 -0.510476 -6.91091e-05
8.43638 0.22597 -0.510441 1.27609e-12 -5.04017 8.40028 -0.510476 -6.93308e-05
8.48352 0.346796 -0.510441 1.35314e-12 -5.04017 8.40028 -0.510476 -6.95472e-05
8.54887 0.469256 -0.510441 1.39377e-12 -5.04017 8.40028 -0.510476 -6.97559e-05
8.63096 0.593682 -0.51044 1.39355e-12 -5.04017 8.40028 -0.510476 -6.9955e-05
8.72806 0.720196 -0.51044 1.45395e-12 -5.04017 8.40028 -0.510476 -7.01432e-05
8.83822 0.848669 -0.51044 1.44773e-12 -5.04017 8.40029 -0.510476 -7.03196e-05
8.95936 0.97869 -0.51044 1.53699e-12 -5.04017 8.40029 -0.510476 -7.04841e-05
9.08936 1.10958 -0.51044 1.44107e-12 -5.04017 8.40029 -0.510476 -7.06367e-05
9.22613 1.24042 -0.51044 1.42131e-12 -5.04017 8.40029 -0.510476 -7.0778e-05
9.36762 1.37016 -0.51044 1.54787e-12 -5.04017 8.40029 -0.510476 -7.09085e-05
9.51192 1.4977 -0.51044 1.51534e-12 -5.04017 8.40029 -0.510476 -7.10291e-05
9.65721 1.62202 -0.51044 1.57119e-12 -5.04017 8.40029 -0.510476 -7.11407e-05
9.80185 1.74228 -0.51044 1.55556e-12 -5.04017 8.40029 -0.510476 -7.12441e-05
9.94432 1.85784 -0.51044 1.54804e-12 -5.04017 8.40029 -0.510476 -7.13401e-05
10.0833 1.96835 -0.51044 1.51634e-12 -5.04017 8.40029 -0.510476 -7.14297e-05
10.2175 2.07365 -0.51044 1.41331e-12 -5.04017 8.40029 -0.510476 -7.15136e-05
10.3459 2.1738 -0.51044 1.54854e-12 -5.04017 8.40029 -0.510476 -7.15924e-05
10.4675 2.26903 -0.51044 1.63114e-12 -5.04017 8.40029 -0.510476 -7.16668e-05
10.5816 2.35964 -0.51044 1.56231e-12 -5.04017 8.40029 -0.510476 -7.17374e-05
10.6874 2.44603 -0.51044 1.50724e-12 -5.04018 8.40029 -0.510476 -7.18047e-05
10.7842 2.52862 -0.51044 1.49813e-12 -5.04018 8.40029 -0.510476 -7.18691e-05
10.8716 2.60785 -0.510439 1.60649e-12 -5.04018 8.40029 -0.510476 -7.19311e-05
10.9491 2.68416 -0.510439 1.55076e-12 -5.04018 8.40029 -0.510476 -7.19909e-05
11.0162 2.75798 -0.510439 1.72196e-12 -5.04018 8.40029 -0.510476 -7.20491e-05
11.0728 2.82972 -0.510439 1.70575e-12 -5.04018 8.40029 -0.510476 -7.21058e-05
11.1185 2.89978 -0.510439 1.65401e-12 -5.04018 8.40029 -0.510476 -7.21614e-05
11.1531 2.96855 -0.510439 1.60849e-12 -5.04018 8.40029 -0.510476 -7.22161e-05
11.1765 3.0364 -0.510439 1.58462e-12 -5.04018 8.40029 -0.510476 -7.22702e-05
11.1886 3.1037 -0.510439 1.58934e-12 -5.04018 8.40029 -0.510476 -7.23239e-05
11.1894 -3.11239 -0.510439 1.59669e-12 -5.04018 8.40029 -0.510476 -7.23774e-05
11.1787 -3.04514 -0.510439 1.62026e-12 -5.04018 8.4003 -0.510476 -7.24311e-05
11.1568 -2.97738 -0.510439 1.62481e-12 -5.04018 8.4003 -0.510476 -7.24851e-05
11.1236 -2.90874 -0.510439 1.51368e-12 -5.04018 8.4003 -0.510476 -7.25397e-05
11.0793 -2.83887 -0.510439 1.5794e-12 -5.04018 8.4003 -0.510476 -7.25952e-05
11.0242 -2.76737 -0.510439 1.61604e-12 -5.04018 8.4003 -0.510476 -7.26517e-05
10.9584 -2.69384 -0.510439 1.60494e-12 -5.04018 8.4003 -0.510476 -7.27097e-05
10.8822 -2.61788 -0.510439 1.62403e-12 -5.04018 8.4003 -0.510476 -7.27693e-05
10.7961 -2.53906 -0.510439 1.77525e-12 -5.04018 8.4003 -0.510476 -7.2831e-05
10.7005 -2.45693 -0.510439 1.64047e-12 -5.04018 8.4003 -0.510476 -7.2895e-05
10.5958 -2.37105 -0.510439 1.55143e-12 -5.04018 8.4003 -0.510476 -7.29619e-05
10.4828 -2.28101 -0.510439 1.45706e-12 -5.04018 8.4003 -0.510476 -7.3032e-05
10.3621 -2.1864 -0.510439 1.43463e-12 -5.04018 8.4003 -0.510476 -7.31059e-05
10.2345 -2.0869 -0.510439 1.41975e-12 -5.04018 8.4003 -0.510476 -7.31842e-05
10.101 -1.98227 -0.510439 1.3709e-12 -5.04018 8.4003 -0.510476 -7.32673e-05
9.96259 -1.87244 -0.510439 1.38911e-12 -5.04018 8.4003 -0.510476 -7.33561e-05
9.8205 -1.75752 -0.510439 1.39644e-12 -5.04018 8.4003 -0.510476 -7.34513e-05
9.67607 -1.63784 -0.510439 1.39427e-12 -5.04018 8.4003 -0.510476 -7.35537e-05
9.53077 -1.514 -0.510439 1.40066e-12 -5.04018 8.4003 -0.510476 -7.36642e-05
9.38625 -1.38682 -0.510439 1.40643e-12 -5.04018 8.4003 -0.510476 -7.37835e-05
9.24428 -1.25731 -0.510438 1.49014e-12 -5.04018 8.4003 -0.510476 -7.39127e-05
9.10679 -1.12655 -0.510438 1.45528e-12 -5.04018 8.4003 -0.510476 -7.40525e-05
8.9758 -0.995614 -0.510438 1.50369e-12 -5.04018 8.4003 -0.510476 -7.42037e-05
8.85339 -0.865438 -0.510438 1.54676e-12 -5.04018 8.4003 -0.510476 -7.43666e-05
8.74169 -0.736737 -0.510438 1.65379e-12 -5.04018 8.4003 -0.510476 -7.45415e-05
8.64279 -0.609957 -0.510438 1.71285e-12 -5.04018 8.40031 -0.510476 -7.47282e-05
8.55865 -0.485264 -0.510438 1.68754e-12 -5.04018 8.40031 -0.510476 -7.49259e-05
8.49104 -0.362565 -0.510438 1.81433e-12 -5.04018 8.40031 -0.510476 -7.51334e-05
8.44147 -0.241553 -0.510438 1.88694e-12 -5.04018 8.40031 -0.510476 -7.5349e-05
8.41108 -0.12176 -0.510438 1.85985e-12 -5.04018 8.40031 -0.510476 -7.55701e-05
8.40056 -0.00261002 -0.510437 1.86325e-12 -5.04019 8.40031 -0.510476 -7.57943e-05
8.41019 0.116526 -0.510437 1.86795e-12 -5.04019 8.40031 -0.510476 -7.60185e-05
8.43973 0.236278 -0.510437 1.91558e-12 -5.04019 8.40031 -0.510476 -7.62399e-05
8.48848 0.357225 -0.510437 1.93245e-12 -5.04019 8.40031 -0.510476 -7.64557e-05
8.55533 0.479843 -0.510437 1.98797e-12 -5.04019 8.40031 -0.510476 -7.66636e-05
8.63878 0.604445 -0.510437 2.11031e-12 -5.04019 8.40031 -0.510476 -7.68618e-05
8.73708 0.731135 -0.510437 2.14273e-12 -5.04019 8.40031 -0.510476 -7.7049e-05
8.84825 0.859759 -0.510437 2.11919e-12 -5.04019 8.40031 -0.510476 -7.72244e-05
8.97024 0.989884 -0.510437 2.02283e-12 -5.04019 8.40031 -0.510476 -7.73879e-05
9.1009 1.1208 -0.510437 2.08189e-12 -5.04019 8.40031 -0.510476 -7.75395e-05
9.23815 1.25159 -0.510437 2.11298e-12 -5.04019 8.40032 -0.510476 -7.76798e-05
9.37996 1.38119 -0.510436 2.16938e-12 -5.04019 8.40032 -0.510476 -7.78095e-05
9.52441 1.50849 -0.510436 2.09477e-12 -5.04019 8.40032 -0.510476 -7.79292e-05
9.66971 1.63249 -0.510436 2.08483e-12 -5.04019 8.40032 -0.510476 -7.80401e-05
9.81422 1.75237 -0.510436 2.08045e-12 -5.04019 8.40032 -0.510476 -7.81428e-05
9.95644 1.86751 -0.510436 2.07329e-12 -5.04019 8.40032 -0.510476 -7.82383e-05
10.095 1.97757 -0.510436 2.0639e-12 -5.04019 8.40032 -0.510476 -7.83273e-05
10.2288 2.08242 -0.510436 2.03104e-12 -5.04019 8.40032 -0.510476 -7.84107e-05
10.3567 2.18214 -0.510436 2.06546e-12 -5.04019 8.40032 -0.510476 -7.84892e-05
10.4777 2.27696 -0.510436 2.06413e-12 -5.04019 8.40032 -0.510476 -7.85633e-05
10.5911 2.3672 -0.510436 2.10854e-12 -5.04019 8.40032 -0.510476 -7.86335e-05
10.6961 2.45324 -0.510436 2.10343e-12 -5.04019 8.40032 -0.510476 -7.87005e-05
10.7922 2.53553 -0.510436 2.00284e-12 -5.04019 8.40032 -0.510476 -7.87647e-05
10.8787 2.61449 -0.510436 1.87184e-12 -5.04019 8.40032 -0.510476 -7.88265e-05
10.9553 2.69056 -0.510436 1.78191e-12 -5.04019 8.40032 -0.510476 -7.88862e-05
11.0216 2.76419 -0.510436 1.64779e-12 -5.04019 8.40032 -0.510476 -7.89442e-05
11.0772 2.83577 -0.510436 1.70064e-12 -5.04019 8.40032 -0.510476 -7.90008e-05
11.122 2.9057 -0.510436 1.71707e-12 -5.04019 8.40032 -0.510476 -7.90563e-05
11.1556 2.97438 -0.510436 1.77403e-12 -5.04019 8.40032 -0.510476 -7.91109e-05
11.1781 3.04217 -0.510436 1.76614e-12 -5.04019 8.40032 -0.510476 -7.9165e-05
11.1892 3.10944 -0.510436 1.768e-12 -5.04019 8.40032 -0.510476 -7.92187e-05
11.189 -3.10665 -0.510436 1.76631e-12 -5.04019 8.40032 -0.510476 -7.92722e-05
11.1774 -3.03937 -0.510436 1.75371e-12 -5.04019 8.40032 -0.510476 -7.93259e-05
11.1545 -2.97155 -0.510436 1.76004e-12 -5.04019 8.40032 -0.510476 -7.938e-05
11.1203 -2.90283 -0.510436 1.7919e-12 -5.04019 8.40032 -0.510476 -7.94346e-05
11.0751 -2.83283 -0.510436 1.83076e-12 -5.04019 8.40032 -0.510476 -7.94902e-05
11.0191 -2.76117 -0.510436 1.71507e-12 -5.04019 8.40032 -0.510476 -7.95468e-05
10.9524 -2.68746 -0.510436 1.70175e-12 -5.04019 8.40032 -0.510476 -7.96049e-05
10.8753 -2.61127 -0.510436 1.60649e-12 -5.0402 8.40033 -0.510476 -7.96647e-05
10.7884 -2.53218 -0.510435 1.69353e-12 -5.0402 8.40033 -0.510476 -7.97265e-05
10.692 -2.44975 -0.510435 1.6025e-12 -5.0402 8.40033 -0.510476 -7.97908e-05
10.5866 -2.36354 -0.510435 1.70375e-12 -5.0402 8.40033 -0.510476 -7.9858e-05
10.4729 -2.27312 -0.510435 1.68998e-12 -5.0402 8.40033 -0.510476 -7.99284e-05
10.3515 -2.17811 -0.510435 1.7466e-12 -5.0402 8.40033 -0.510476 -8.00026e-05
10.2234 -2.07818 -0.510435 1.75548e-12 -5.0402 8.40033 -0.510476 -8.00813e-05
10.0894 -1.97311 -0.510435 1.83431e-12 -5.0402 8.40033 -0.510476 -8.01649e-05
9.95067 -1.86284 -0.510435 1.86579e-12 -5.0402 8.40033 -0.510476 -8.02542e-05
9.80832 -1.74749 -0.510435 1.85152e-12 -5.0402 8.40033 -0.510476 -8.035e-05
9.66375 -1.62744 -0.510435 1.82371e-12 -5.0402 8.40033 -0.510476 -8.0453e-05
9.51846 -1.50328 -0.510435 1.79612e-12 -5.0402 8.40033 -0.510476 -8.05642e-05
9.37408 -1.37586 -0.510435 1.8463e-12 -5.0402 8.40033 -0.510476 -8.06843e-05
9.23242 -1.2462 -0.510435 1.76925e-12 -5.0402 8.40033 -0.510476 -8.08144e-05
9.0954 -1.11538 -0.510435 1.87095e-12 -5.0402 8.40033 -0.510476 -8.09552e-05
8.96506 -0.98448 -0.510435 1.9007e-12 -5.0402 8.40033 -0.510476 -8.11073e-05
8.84348 -0.854407 -0.510435 1.74349e-12 -5.0402 8.40033 -0.510476 -8.12712e-05
8.7328 -0.725858 -0.510435 1.89582e-12 -5.0402 8.40033 -0.510476 -8.14471e-05
8.63507 -0.599254 -0.510435 2.01617e-12 -5.0402 8.40033 -0.510476 -8.16348e-05
8.55228 -0.474738 -0.510434 2.02038e-12 -5.0402 8.40033 -0.510476 -8.18334e-05
8.48615 -0.352199 -0.510434 2.0175e-12 -5.0402 8.40033 -0.510476 -8.20417e-05
8.43818 -0.231312 -0.510434 1.98308e-12 -5.0402 8.40034 -0.510476 -8.22578e-05
8.40945 -0.111598 -0.510434 1.94988e-12 -5.0402 8.40034 -0.510476 -8.24793e-05
8.40065 0.00752445 -0.510434 1.94474e-12 -5.0402 8.40034 -0.510476 -8.27036e-05
8.41199 0.126688 -0.510434 1.93889e-12 -5.0402 8.40034 -0.510476 -8.29277e-05
8.4432 0.246519 -0.510434 1.9611e-12 -5.0402 8.40034 -0.510476 -8.31487e-05
8.49354 0.367591 -0.510434 1.94755e-12 -5.0402 8.40034 -0.510476 -8.33639e-05
8.56186 0.490367 -0.510434 1.92113e-12 -5.0402 8.40034 -0.510476 -8.3571e-05
8.64664 0.615145 -0.510433 1.94644e-12 -5.0402 8.40034 -0.510476 -8.37683e-05
8.74612 0.742008 -0.510433 2.14051e-12 -5.0402 8.40034 -0.510476 -8.39545e-05
8.8583 0.870779 -0.510433 2.07656e-12 -5.0402 8.40034 -0.510476 -8.41289e-05
8.9811 1.001 -0.510433 2.20357e-12 -5.04021 8.40034 -0.510476 -8.42914e-05
9.11241 1.13195 -0.510433 2.07323e-12 -5.04021 8.40034 -0.510476 -8.4442e-05
9.25012 1.26268 -0.510433 2.09521e-12 -5.04021 8.40034 -0.510476 -8.45814e-05
9.39223 1.39212 -0.510433 2.01905e-12 -5.04021 8.40034 -0.510476 -8.47101e-05
9.53682 1.51917 -0.510433 2.01317e-12 -5.04021 8.40034 -0.510476 -8.48291e-05
9.68212 1.64286 -0.510433 2.00462e-12 -5.04021 8.40034 -0.510476 -8.49392e-05
9.82649 1.76234 -0.510433 2.01493e-12 -5.04021 8.40035 -0.510476 -8.50413e-05
9.96845 1.87706 -0.510433 2.0185e-12 -5.04021 8.40035 -0.510476 -8.51362e-05
10.1067 1.98668 -0.510433 2.03004e-12 -5.04021 8.40035 -0.510476 -8.52248e-05
10.24 2.09109 -0.510433 2.14118e-12 -5.04021 8.40035 -0.510476 -8.53077e-05
10.3673 2.19039 -0.510433 2.09877e-12 -5.04021 8.40035 -0.510476 -8.53857e-05
10.4877 2.2848 -0.510433 2.20646e-12 -5.04021 8.40035 -0.510476 -8.54595e-05
10.6004 2.37466 -0.510433 2.27618e-12 -5.04021 8.40035 -0.510476 -8.55295e-05
10.7047 2.46037 -0.510432 2.33102e-12 -5.04021 8.40035 -0.510476 -8.55962e-05
10.8 2.54235 -0.510432 2.23754e-12 -5.04021 8.40035 -0.510476 -8.56602e-05
10.8857 2.62105 -0.510432 2.22999e-12 -5.04021 8.40035 -0.510476 -8.57217e-05
10.9614 2.6969 -0.510432 2.23999e-12 -5.04021 8.40035 -0.510476 -8.57813e-05
11.0268 2.77034 -0.510432 2.14895e-12 -5.04021 8.40035 -0.510476 -8.58392e-05
11.0815 2.84176 -0.510432 2.07767e-12 -5.04021 8.40035 -0.510476 -8.58957e-05
11.1253 2.91158 -0.510432 2.1001e-12 -5.04021 8.40035 -0.510476 -8.59511e-05
11.1581 2.98016 -0.510432 2.09055e-12 -5.04021 8.40035 -0.510476 -8.60056e-05
11.1796 3.0479 -0.510432 2.09038e-12 -5.04021 8.40035 -0.510476 -8.60596e-05
11.1897 3.11513 -0.510432 2.10298e-12 -5.04021 8.40035 -0.510476 -8.61133e-05
11.1885 -3.10096 -0.510432 2.09646e-12 -5.04021 8.40035 -0.510476 -8.61669e-05
11.176 -3.03365 -0.510432 2.10865e-12 -5.04021 8.40035 -0.510476 -8.62206e-05
11.1521 -2.96577 -0.510432 2.11442e-12 -5.04021 8.40035 -0.510476 -8.62747e-05
11.117 -2.89695 -0.510432 2.06213e-12 -5.04021 8.40035 -0.510476 -8.63294e-05
11.0709 -2.82683 -0.510432 2.1021e-12 -5.04021 8.40035 -0.510476 -8.6385e-05
11.0139 -2.75501 -0.510432 2.07345e-12 -5.04021 8.40035 -0.510476 -8.64418e-05
10.9463 -2.6811 -0.510432 2.19513e-12 -5.04021 8.40035 -0.510476 -8.65e-05
10.8684 -2.60469 -0.510432 2.22378e-12 -5.04021 8.40035 -0.510476 -8.65599e-05
10.7807 -2.52533 -0.510432 2.22267e-12 -5.04021 8.40035 -0.510476 -8.6622e-05
10.6835 -2.4426 -0.510432 2.21134e-12 -5.04021 8.40035 -0.510476 -8.66865e-05
10.5773 -2.35605 -0.510432 2.18958e-12 -5.04021 8.40035 -0.510476 -8.67539e-05
10.4629 -2.26526 -0.510432 2.39919e-12 -5.04021 8.40035 -0.510476 -8.68246e-05
10.341 -2.16984 -0.510432 2.363e-12 -5.04021 8.40035 -0.510476 -8.68992e-05
10.2123 -2.06948 -0.510432 2.29172e-12 -5.04021 8.40036 -0.510476 -8.69782e-05
10.0779 -1.96397 -0.510432 2.22966e-12 -5.04021 8.40036 -0.510476 -8.70623e-05
9.93881 -1.85327 -0.510432 2.22833e-12 -5.04021 8.40036 -0.510476 -8.71521e-05
9.79622 -1.73751 -0.510432 2.22968e-12 -5.04021 8.40036 -0.510476 -8.72485e-05
9.65153 -1.61708 -0.510432 2.21706e-12 -5.04021 8.40036 -0.510476 -8.73522e-05
9.50624 -1.49261 -0.510432 2.23688e-12 -5.04021 8.40036 -0.510476 -8.7464e-05
9.36203 -1.36496 -0.510431 2.2351e-12 -5.04021 8.40036 -0.510476 -8.7585e-05
9.22068 -1.23516 -0.510431 2.1898e-12 -5.04022 8.40036 -0.510476 -8.7716e-05
9.08415 -1.1043 -0.510431 2.29061e-12 -5.04022 8.40036 -0.510476 -8.78576e-05
8.95446 -0.973435 -0.510431 2.24487e-12 -5.04022 8.40036 -0.510476 -8.80107e-05
8.83373 -0.843469 -0.510431 2.16271e-12 -5.04022 8.40036 -0.510476 -8.81757e-05
8.72406 -0.715073 -0.510431 2.4647e-12 -5.04022 8.40036 -0.510476 -8.83526e-05
8.62752 -0.588645 -0.510431 2.3479e-12 -5.04022 8.40036 -0.510476 -8.85412e-05
8.54607 -0.464305 -0.510431 2.46136e-12 -5.04022 8.40036 -0.510476 -8.87407e-05
8.48143 -0.341922 -0.510431 2.32325e-12 -5.04022 8.40036 -0.510476 -8.89497e-05
8.43504 -0.221155 -0.510431 2.37343e-12 -5.04022 8.40036 -0.510476 -8.91664e-05
8.40798 -0.101516 -0.510431 2.40474e-12 -5.04022 8.40036 -0.510476 -8.93882e-05
8.40088 0.0175841 -0.51043 2.41469e-12 -5.04022 8.40037 -0.510476 -8.96126e-05
8.41392 0.136779 -0.51043 2.42628e-12 -5.04022 8.40037 -0.510476 -8.98365e-05
8.44678 0.256693 -0.51043 2.38121e-12 -5.04022 8.40037 -0.510476 -9.00571e-05
8.49869 0.377892 -0.51043 2.50133e-12 -5.04022 8.40037 -0.510476 -9.02718e-05
8.56846 0.500827 -0.51043 2.41496e-12 -5.04022 8.40037 -0.510476 -9.04781e-05
8.65456 0.62578 -0.51043 2.48468e-12 -5.04022 8.40037 -0.510476 -9.06745e-05
8.75518 0.752814 -0.51043 2.68718e-12 -5.04022 8.40037 -0.510476 -9.08597e-05
8.86834 0.881728 -0.51043 2.65699e-12 -5.04022 8.40037 -0.510476 -9.10331e-05
8.99194 1.01204 -0.51043 2.40297e-12 -5.04022 8.40037 -0.510476 -9.11945e-05
9.12387 1.14301 -0.51043 2.38809e-12 -5.04022 8.40037 -0.510476 -9.13442e-05
9.26204 1.27367 -0.510429 2.39586e-12 -5.04022 8.40037 -0.510476 -9.14827e-05
9.40443 1.40295 -0.510429 2.30393e-12 -5.04022 8.40037 -0.510476 -9.16106e-05
9.54914 1.52976 -0.510429 2.27574e-12 -5.04022 8.40037 -0.510476 -9.17288e-05
9.69442 1.65311 -0.510429 2.29283e-12 -5.04022 8.40037 -0.510476 -9.18381e-05
9.83864 1.77221 -0.510429 2.29036e-12 -5.04022 8.40037 -0.510476 -9.19396e-05
9.98034 1.88651 -0.510429 2.31037e-12 -5.04022 8.40037 -0.510476 -9.20339e-05
10.1182 1.99569 -0.510429 2.30327e-12 -5.04022 8.40037 -0.510476 -9.2122e-05
10.251 2.09966 -0.510429 2.26019e-12 -5.04022 8.40037 -0.510476 -9.22045e-05
10.3778 2.19853 -0.510429 2.18292e-12 -5.04022 8.40037 -0.510476 -9.22821e-05
10.4976 2.29255 -0.510429 2.22644e-12 -5.04023 8.40038 -0.510476 -9.23555e-05
10.6096 2.38204 -0.510429 2.21689e-12 -5.04023 8.40038 -0.510476 -9.24252e-05
10.7132 2.46742 -0.510429 2.11497e-12 -5.04023 8.40038 -0.510476 -9.24917e-05
10.8076 2.54911 -0.510429 2.00129e-12 -5.04023 8.40038 -0.510476 -9.25554e-05
10.8925 2.62755 -0.510429 2.07878e-12 -5.04023 8.40038 -0.510476 -9.26168e-05
10.9674 2.70318 -0.510429 2.07456e-12 -5.04023 8.40038 -0.510476 -9.26762e-05
11.0319 2.77643 -0.510429 2.21378e-12 -5.04023 8.40038 -0.510476 -9.2734e-05
11.0857 2.8477 -0.510429 2.23799e-12 -5.04023 8.40038 -0.510476 -9.27903e-05
11.1286 2.9174 -0.510429 2.16915e-12 -5.04023 8.40038 -0.510476 -9.28457e-05
11.1604 2.9859 -0.510429 2.26008e-12 -5.04023 8.40038 -0.510476 -9.29002e-05
11.1809 3.05357 -0.510429 2.23971e-12 -5.04023 8.40038 -0.510476 -9.29541e-05
11.1901 3.12078 -0.510429 2.24305e-12 -5.04023 8.40038 -0.510476 -9.30078e-05
11.188 -3.0953 -0.510429 2.24051e-12 -5.04023 8.40038 -0.510476 -9.30614e-05
11.1745 -3.02796 -0.510429 2.24665e-12 -5.04023 8.40038 -0.510476 -9.31151e-05
11.1497 -2.96001 -0.510429 2.24099e-12 -5.04023 8.40038 -0.510476 -9.31692e-05
11.1136 -2.8911 -0.510429 2.25286e-12 -5.04023 8.40038 -0.510476 -9.3224e-05
11.0666 -2.82086 -0.510429 2.21489e-12 -5.04023 8.40038 -0.510476 -9.32797e-05
11.0087 -2.74888 -0.510429 2.3086e-12 -5.04023 8.40038 -0.510476 -9.33366e-05
10.9402 -2.67478 -0.510429 2.27618e-12 -5.04023 8.40038 -0.510476 -9.33949e-05
10.8615 -2.59813 -0.510428 2.367e-12 -5.04023 8.40038 -0.510476 -9.3455e-05
10.7729 -2.51851 -0.510428 2.22822e-12 -5.04023 8.40038 -0.510476 -9.35173e-05
10.6749 -2.43548 -0.510428 2.12741e-12 -5.04023 8.40038 -0.510476 -9.3582e-05
10.5681 -2.34859 -0.510428 2.21179e-12 -5.04023 8.40038 -0.510476 -9.36497e-05
10.4531 -2.25742 -0.510428 2.1585e-12 -5.04023 8.40038 -0.510476 -9.37207e-05
10.3305 -2.1616 -0.510428 2.10543e-12 -5.04023 8.40038 -0.510476 -9.37956e-05
10.2013 -2.06082 -0.510428 2.08167e-12 -5.04023 8.40038 -0.510476 -9.3875e-05
10.0665 -1.95487 -0.510428 2.07012e-12 -5.04023 8.40038 -0.510476 -9.39596e-05
9.92701 -1.84373 -0.510428 2.13884e-12 -5.04023 8.40038 -0.510476 -9.40499e-05
9.78419 -1.72756 -0.510428 2.12887e-12 -5.04023 8.40038 -0.510476 -9.41468e-05
9.63939 -1.60677 -0.510428 2.12363e-12 -5.04023 8.40039 -0.510476 -9.42512e-05
9.49413 -1.482 -0.510428 2.02527e-12 -5.04023 8.40039 -0.510476 -9.43638e-05
9.35008 -1.35413 -0.510428 2.04436e-12 -5.04023 8.40039 -0.510476 -9.44856e-05
9.20907 -1.2242 -0.510428 1.99152e-12 -5.04023 8.40039 -0.510476 -9.46174e-05
9.07303 -1.0933 -0.510428 2.00817e-12 -5.04023 8.40039 -0.510476 -9.476e-05
8.94401 -0.962479 -0.510428 1.95488e-12 -5.04023 8.40039 -0.510476 -9.49141e-05
8.82412 -0.832623 -0.510428 1.93756e-12 -5.04023 8.40039 -0.510476 -9.508e-05
8.71548 -0.704382 -0.510428 2.03926e-12 -5.04023 8.40039 -0.510476 -9.5258e-05
8.62014 -0.57813 -0.510427 2.2804e-12 -5.04023 8.40039 -0.510476 -9.54475e-05
8.54003 -0.453964 -0.510427 2.20024e-12 -5.04023 8.40039 -0.510476 -9.56478e-05
8.47687 -0.331733 -0.510427 2.17359e-12 -5.04023 8.40039 -0.510476 -9.58576e-05
8.43207 -0.211083 -0.510427 2.21667e-12 -5.04024 8.40039 -0.510476 -9.60747e-05
8.40666 -0.0915135 -0.510427 2.29011e-12 -5.04024 8.40039 -0.510476 -9.62969e-05
8.40125 0.0275693 -0.510427 2.29006e-12 -5.04024 8.40039 -0.510476 -9.65214e-05
8.41597 0.1468 -0.510427 2.26574e-12 -5.04024 8.40039 -0.510476 -9.67451e-05
8.45046 0.2668 -0.510427 2.25597e-12 -5.04024 8.40039 -0.510476 -9.69653e-05
8.50392 0.388128 -0.510427 2.33058e-12 -5.04024 8.4004 -0.510476 -9.71793e-05
8.57513 0.511223 -0.510426 2.38565e-12 -5.04024 8.4004 -0.510476 -9.73849e-05
8.66252 0.636351 -0.510426 2.36033e-12 -5.04024 8.4004 -0.510476 -9.75804e-05
8.76427 0.763553 -0.510426 2.32347e-12 -5.04024 8.4004 -0.510476 -9.77646e-05
8.87839 0.892605 -0.510426 2.34124e-12 -5.04024 8.4004 -0.510476 -9.7937e-05
9.00277 1.023 -0.510426 2.24265e-12 -5.04024 8.4004 -0.510476 -9.80974e-05
9.1353 1.15398 -0.510426 2.09743e-12 -5.04024 8.4004 -0.510476 -9.82461e-05
9.27389 1.28457 -0.510426 2.14029e-12 -5.04024 8.4004 -0.510476 -9.83837e-05
9.41655 1.41368 -0.510426 2.20624e-12 -5.04024 8.4004 -0.510476 -9.85107e-05
9.56138 1.54023 -0.510426 2.15605e-12 -5.04024 8.4004 -0.510476 -9.86281e-05
9.70663 1.66326 -0.510426 2.20968e-12 -5.04024 8.4004 -0.510476 -9.87368e-05
9.85069 1.78198 -0.510426 2.21204e-12 -5.04024 8.4004 -0.510476 -9.88376e-05
9.99212 1.89585 -0.510426 2.18792e-12 -5.04024 8.4004 -0.510476 -9.89314e-05
10.1296 2.00459 -0.510426 2.3046e-12 -5.04024 8.4004 -0.510476 -9.9019e-05
10.262 2.10813 -0.510426 2.24376e-12 -5.04024 8.4004 -0.510476 -9.9101e-05
10.3882 2.20658 -0.510426 2.21156e-12 -5.04024 8.4004 -0.510476 -9.91783e-05
10.5074 2.3002 -0.510426 2.13207e-12 -5.04024 8.4004 -0.510476 -9.92514e-05
10.6187 2.38934 -0.510425 2.16294e-12 -5.04024 8.4004 -0.510476 -9.93208e-05
10.7215 2.47439 -0.510425 2.18114e-12 -5.04024 8.4004 -0.510476 -9.9387e-05
10.8152 2.55579 -0.510425 2.17759e-12 -5.04024 8.4004 -0.510476 -9.94505e-05
10.8993 2.63398 -0.510425 2.11675e-12 -5.04024 8.4004 -0.510476 -9.95117e-05
10.9733 2.70939 -0.510425 2.00284e-12 -5.04024 8.40041 -0.510476 -9.9571e-05
11.0369 2.78246 -0.510425 1.94866e-12 -5.04024 8.40041 -0.510476 -9.96286e-05
11.0898 2.85358 -0.510425 1.87739e-12 -5.04024 8.40041 -0.510476 -9.96849e-05
11.1318 2.92316 -0.510425 1.81943e-12 -5.04024 8.40041 -0.510476 -9.97401e-05
11.1626 2.99158 -0.510425 1.79445e-12 -5.04024 8.40041 -0.510476 -9.97946e-05
11.1822 3.0592 -0.510425 1.79545e-12 -5.04024 8.40041 -0.510476 -9.98485e-05
11.1905 3.12639 -0.510425 1.78972e-12 -5.04024 8.40041 -0.510476 -9.99021e-05
11.1874 -3.08969 -0.510425 1.79023e-12 -5.04024 8.40041 -0.510476 -9.99557e-05
11.1729 -3.02231 -0.510425 1.85196e-12 -5.04024 8.40041 -0.510476 -0.000100009
11.1472 -2.9543 -0.510425 1.86207e-12 -5.04024 8.40041 -0.510476 -0.000100064
11.1102 -2.88529 -0.510425 1.82632e-12 -5.04024 8.40041 -0.510476 -0.000100119
11.0623 -2.81492 -0.510425 1.80878e-12 -5.04025 8.40041 -0.510476 -0.000100174
11.0035 -2.74278 -0.510425 1.73905e-12 -5.04025 8.40041 -0.510476 -0.000100231
10.9341 -2.66848 -0.510425 1.81455e-12 -5.04025 8.40041 -0.510476 -0.00010029
10.8546 -2.59161 -0.510425 1.82121e-12 -5.04025 8.40041 -0.510476 -0.00010035
10.7652 -2.51172 -0.510425 1.84364e-12 -5.04025 8.40041 -0.510476 -0.000100412
10.6664 -2.42838 -0.510425 1.78346e-12 -5.04025 8.40041 -0.510476 -0.000100477
10.5589 -2.34115 -0.510425 1.7677e-12 -5.04025 8.40041 -0.510476 -0.000100545
10.4432 -2.24961 -0.510425 1.64979e-12 -5.04025 8.40041 -0.510476 -0.000100617
10.3201 -2.15339 -0.510425 1.5874e-12 -5.04025 8.40041 -0.510476 -0.000100692
10.1904 -2.05218 -0.510425 1.67355e-12 -5.04025 8.40041 -0.510476 -0.000100772
10.0551 -1.9458 -0.510425 1.64302e-12 -5.04025 8.40041 -0.510476 -0.000100857
9.91528 -1.83423 -0.510425 1.63825e-12 -5.04025 8.40041 -0.510476 -0.000100948
9.77224 -1.71766 -0.510425 1.62018e-12 -5.04025 8.40041 -0.510476 -0.000101045
9.62734 -1.59651 -0.510425 1.61804e-12 -5.04025 8.40041 -0.510476 -0.00010115
9.48211 -1.47144 -0.510424 1.63258e-12 -5.04025 8.40041 -0.510476 -0.000101263
9.33825 -1.34336 -0.510424 1.75748e-12 -5.04025 8.40041 -0.510476 -0.000101386
9.19757 -1.21331 -0.510424 1.76237e-12 -5.04025 8.40041 -0.510476 -0.000101519
9.06204 -1.08238 -0.510424 1.90692e-12 -5.04025 8.40042 -0.510476 -0.000101662
8.9337 -0.951612 -0.510424 1.89093e-12 -5.04025 8.40042 -0.510476 -0.000101817
8.81467 -0.821871 -0.510424 1.86651e-12 -5.04025 8.40042 -0.510476 -0.000101984
8.70705 -0.693787 -0.510424 1.77547e-12 -5.04025 8.40042 -0.510476 -0.000102163
8.61291 -0.567709 -0.510424 1.83276e-12 -5.04025 8.40042 -0.510476 -0.000102354
8.53415 -0.443714 -0.510424 1.86606e-12 -5.04025 8.40042 -0.510476 -0.000102555
8.47247 -0.321631 -0.510424 1.87539e-12 -5.04025 8.40042 -0.510476 -0.000102765
8.42925 -0.201093 -0.510424 1.88227e-12 -5.04025 8.40042 -0.510476 -0.000102983
8.4055 -0.0815893 -0.510424 1.87911e-12 -5.04025 8.40042 -0.510476 -0.000103205
8.40176 0.0374804 -0.510423 1.88474e-12 -5.04025 8.40042 -0.510476 -0.00010343
8.41815 0.156751 -0.510423 1.92679e-12 -5.04025 8.40042 -0.510476 -0.000103653
8.45425 0.27684 -0.510423 1.97775e-12 -5.04025 8.40042 -0.510476 -0.000103873
8.50924 0.3983 -0.510423 1.98574e-12 -5.04025 8.40042 -0.510476 -0.000104087
8.58186 0.521555 -0.510423 2.04414e-12 -5.04025 8.40042 -0.510476 -0.000104291
8.67052 0.646856 -0.510423 2.10854e-12 -5.04025 8.40042 -0.510476 -0.000104486
8.77338 0.774223 -0.510423 2.25553e-12 -5.04026 8.40043 -0.510476 -0.000104669
8.88843 0.90341 -0.510423 2.25509e-12 -5.04026 8.40043 -0.510476 -0.000104841
9.01357 1.03389 -0.510423 2.38254e-12 -5.04026 8.40043 -0.510476 -0.000105
9.14668 1.16487 -0.510423 2.43605e-12 -5.04026 8.40043 -0.510476 -0.000105148
9.28569 1.29538 -0.510422 2.3781e-12 -5.04026 8.40043 -0.510476 -0.000105284
9.4286 1.42431 -0.510422 2.39675e-12 -5.04026 8.40043 -0.510476 -0.000105411
9.57353 1.55061 -0.510422 2.41429e-12 -5.04026 8.40043 -0.510476 -0.000105527
9.71874 1.6733 -0.510422 2.38126e-12 -5.04026 8.40043 -0.510476 -0.000105635
9.86264 1.79163 -0.510422 2.38581e-12 -5.04026 8.40043 -0.510476 -0.000105735
10.0038 1.90509 -0.510422 2.36111e-12 -5.04026 8.40043 -0.510476 -0.000105829
10.1409 2.01339 -0.510422 2.34579e-12 -5.04026 8.40043 -0.510476 -0.000105916
10.2728 2.1165 -0.510422 2.39764e-12 -5.04026 8.40043 -0.510476 -0.000105997
10.3984 2.21454 -0.510422 2.37632e-12 -5.04026 8.40043 -0.510476 -0.000106074
10.517 2.30777 -0.510422 2.45182e-12 -5.04026 8.40043 -0.510476 -0.000106147
10.6276 2.39655 -0.510422 2.50133e-12 -5.04026 8.40043 -0.510476 -0.000106216
10.7297 2.48128 -0.510422 2.48268e-12 -5.04026 8.40043 -0.510476 -0.000106282
10.8226 2.5624 -0.510422 2.52909e-12 -5.04026 8.40043 -0.510476 -0.000106345
10.9059 2.64034 -0.510422 2.49512e-12 -5.04026 8.40043 -0.510476 -0.000106406
10.9791 2.71554 -0.510422 2.39031e-12 -5.04026 8.40043 -0.510476 -0.000106466
11.0418 2.78843 -0.510422 2.41585e-12 -5.04026 8.40043 -0.510476 -0.000106523
11.0938 2.85941 -0.510422 2.45337e-12 -5.04026 8.40043 -0.510476 -0.000106579
11.1348 2.92888 -0.510422 2.44604e-12 -5.04026 8.40043 -0.510476 -0.000106634
11.1648 2.99721 -0.510422 2.42939e-12 -5.04026 8.40043 -0.510476 -0.000106689
11.1834 3.06479 -0.510422 2.44171e-12 -5.04026 8.40043 -0.510476 -0.000106743
11.1907 3.13195 -0.510422 2.45157e-12 -5.04026 8.40044 -0.510476 -0.000106796
11.1867 -3.08412 -0.510422 2.44138e-12 -5.04026 8.40044 -0.510476 -0.00010685
11.1713 -3.0167 -0.510422 2.45837e-12 -5.04026 8.40044 -0.510476 -0.000106904
11.1446 -2.94862 -0.510422 2.40152e-12 -5.04026 8.40044 -0.510476 -0.000106958
11.1067 -2.87952 -0.510422 2.48535e-12 -5.04026 8.40044 -0.510476 -0.000107013
11.0579 -2.80901 -0.510422 2.46958e-12 -5.04026 8.40044 -0.510476 -0.000107069
10.9982 -2.73671 -0.510422 2.58238e-12 -5.04026 8.40044 -0.510476 -0.000107126
10.928 -2.66222 -0.510421 2.60547e-12 -5.04026 8.40044 -0.510476 -0.000107184
10.8476 -2.58511 -0.510421 2.54374e-12 -5.04026 8.40044 -0.510476 -0.000107245
10.7574 -2.50495 -0.510421 2.57594e-12 -5.04026 8.40044 -0.510476 -0.000107307
10.6579 -2.42131 -0.510421 2.6148e-12 -5.04026 8.40044 -0.510476 -0.000107373
10.5497 -2.33374 -0.510421 2.72782e-12 -5.04026 8.40044 -0.510476 -0.000107441
10.4333 -2.24183 -0.510421 2.61835e-12 -5.04026 8.40044 -0.510476 -0.000107512
10.3096 -2.1452 -0.510421 2.59259e-12 -5.04026 8.40044 -0.510476 -0.000107588
10.1794 -2.04357 -0.510421 2.62945e-12 -5.04026 8.40044 -0.510476 -0.000107668
10.0437 -1.93676 -0.510421 2.64544e-12 -5.04026 8.40044 -0.510476 -0.000107754
9.90361 -1.82477 -0.510421 2.64916e-12 -5.04026 8.40044 -0.510476 -0.000107845
9.76037 -1.7078 -0.510421 2.65557e-12 -5.04026 8.40044 -0.510476 -0.000107943
9.61538 -1.5863 -0.510421 2.6652e-12 -5.04026 8.40044 -0.510476 -0.000108049
9.4702 -1.46095 -0.510421 2.63545e-12 -5.04027 8.40044 -0.510476 -0.000108163
9.32653 -1.33267 -0.510421 2.65543e-12 -5.04027 8.40044 -0.510476 -0.000108286
9.1862 -1.2025 -0.510421 2.72915e-12 -5.04027 8.40044 -0.510476 -0.00010842
9.05118 -1.07155 -0.510421 2.70184e-12 -5.04027 8.40044 -0.510476 -0.000108564
8.92353 -0.940835 -0.510421 2.76223e-12 -5.04027 8.40044 -0.510476 -0.00010872
8.80536 -0.811212 -0.510421 2.77156e-12 -5.04027 8.40044 -0.510476 -0.000108888
8.69879 -0.683285 -0.510421 2.72982e-12 -5.04027 8.40045 -0.510476 -0.000109068
8.60585 -0.557382 -0.51042 2.71472e-12 -5.04027 8.40045 -0.510476 -0.00010926
8.52844 -0.433555 -0.51042 2.78977e-12 -5.04027 8.40045 -0.510476 -0.000109462
8.46824 -0.311618 -0.51042 2.82241e-12 -5.04027 8.40045 -0.510476 -0.000109673
8.42659 -0.191187 -0.51042 2.86282e-12 -5.04027 8.40045 -0.510476 -0.000109891
8.40447 -0.0717433 -0.51042 2.88858e-12 -5.04027 8.40045 -0.510476 -0.000110114
8.40241 0.0473177 -0.51042 2.90479e-12 -5.04027 8.40045 -0.510476 -0.000110338
8.42044 0.166632 -0.51042 2.91012e-12 -5.04027 8.40045 -0.510476 -0.000110561
8.45815 0.286814 -0.51042 2.94276e-12 -5.04027 8.40045 -0.510476 -0.000110781
8.51464 0.408406 -0.51042 2.7649e-12 -5.04027 8.40045 -0.510476 -0.000110994
8.58865 0.531823 -0.510419 2.78133e-12 -5.04027 8.40045 -0.510476 -0.000111198
8.67855 0.657297 -0.510419 2.81997e-12 -5.04027 8.40045 -0.510476 -0.000111391
8.7825 0.784826 -0.510419 2.78799e-12 -5.04027 8.40045 -0.510476 -0.000111573
8.89846 0.914142 -0.510419 2.8364e-12 -5.04027 8.40045 -0.510476 -0.000111744
9.02434 1.04469 -0.510419 2.93987e-12 -5.04027 8.40045 -0.510476 -0.000111902
9.15802 1.17568 -0.510419 2.95208e-12 -5.04027 8.40046 -0.510476 -0.000112049
9.29742 1.30609 -0.510419 2.97251e-12 -5.04027 8.40046 -0.510476 -0.000112185
9.44057 1.43485 -0.510419 3.01137e-12 -5.04027 8.40046 -0.510476 -0.00011231
9.58558 1.56088 -0.510419 2.93399e-12 -5.04027 8.40046 -0.510476 -0.000112426
9.73074 1.68324 -0.510419 2.95289e-12 -5.04027 8.40046 -0.510476 -0.000112533
9.87447 1.80118 -0.510419 2.95761e-12 -5.04027 8.40046 -0.510476 -0.000112633
10.0153 1.91422 -0.510419 2.90856e-12 -5.04027 8.40046 -0.510476 -0.000112726
10.152 2.02209 -0.510419 2.9472e-12 -5.04028 8.40046 -0.510476 -0.000112812
10.2834 2.12477 -0.510419 2.93854e-12 -5.04028 8.40046 -0.510476 -0.000112894
10.4086 2.22241 -0.510419 3.04423e-12 -5.04028 8.40046 -0.510476 -0.00011297
10.5265 2.31526 -0.510418 3.01847e-12 -5.04028 8.40046 -0.510476 -0.000113042
10.6365 2.40368 -0.510418 2.94453e-12 -5.04028 8.40046 -0.510476 -0.000113111
10.7378 2.4881 -0.510418 2.91611e-12 -5.04028 8.40046 -0.510476 -0.000113177
10.8299 2.56893 -0.510418 2.88414e-12 -5.04028 8.40046 -0.510476 -0.00011324
10.9124 2.64663 -0.510418 2.86926e-12 -5.04028 8.40046 -0.510476 -0.000113301
10.9847 2.72163 -0.510418 3.00271e-12 -5.04028 8.40046 -0.510476 -0.00011336
11.0466 2.79434 -0.510418 3.052e-12 -5.04028 8.40046 -0.510476 -0.000113417
