8.40448 0.0793972 -0.510476 -3.66374e-15 -5.04 8.4 -0.510476 -1.87167e-07
8.41788 0.158983 -0.510476 -1.36557e-14 -5.04 8.4 -0.510476 -3.73381e-07
8.44004 0.23894 -0.510476 -4.30767e-14 -5.04 8.4 -0.510476 -5.57719e-07
8.47075 0.319435 -0.510476 -5.50671e-14 -5.04 8.4 -0.510476 -7.3931e-07
8.50968 0.400617 -0.510476 -6.88338e-14 -5.04 8.4 -0.510476 -9.17365e-07
8.55644 0.482603 -0.510476 -2.57572e-14 -5.04 8.4 -0.510476 -1.09119e-06
8.61057 0.565479 -0.510476 -1.00364e-13 -5.04 8.4 -0.510476 -1.2602e-06
8.67156 0.649285 -0.510475 -7.63833e-14 -5.04 8.4 -0.510476 -1.42391e-06
8.73885 0.734015 -0.510475 2.17604e-14 -5.04 8.40001 -0.510476 -1.58199e-06
8.81185 0.819607 -0.510475 1.31006e-13 -5.04 8.40001 -0.510476 -1.73418e-06
8.88994 0.905945 -0.510475 8.03801e-14 -5.04 8.40001 -0.510476 -1.88034e-06
8.9725 0.992857 -0.510475 2.4869e-13 -5.04 8.40001 -0.510476 -2.02044e-06
9.05889 1.08012 -0.510475 2.80664e-13 -5.04 8.40001 -0.510476 -2.1545e-06
9.1485 1.16746 -0.510475 2.3781e-13 -5.04 8.40001 -0.510476 -2.28263e-06
9.24071 1.25459 -0.510475 2.04281e-13 -5.04001 8.40001 -0.510476 -2.40499e-06
9.33492 1.34117 -0.510475 1.43885e-13 -5.04001 8.40001 -0.510476 -2.52178e-06
9.43057 1.42688 -0.510475 8.9706e-14 -5.04001 8.40001 -0.510476 -2.63325e-06
9.52709 1.51141 -0.510475 7.01661e-14 -5.04001 8.40001 -0.510476 -2.73964e-06
9.62397 1.59445 -0.510475 6.70575e-14 -5.04001 8.40001 -0.510476 -2.84123e-06
9.72071 1.67576 -0.510475 4.76841e-14 -5.04001 8.40001 -0.510476 -2.9383e-06
9.81686 1.75512 -0.510475 4.61159e-14 -5.04001 8.40001 -0.510476 -3.03112e-06
9.91197 1.83237 -0.510475 4.05231e-14 -5.04001 8.40001 -0.510476 -3.11998e-06
10.0056 1.90738 -0.510475 4.36318e-14 -5.04001 8.40001 -0.510476 -3.20515e-06
10.0975 1.98011 -0.510475 2.40918e-14 -5.04001 8.40001 -0.510476 -3.28688e-06
10.1872 2.05051 -0.510474 -9.10383e-15 -5.04001 8.40001 -0.510476 -3.36543e-06
10.2744 2.11862 -0.510474 5.10703e-14 -5.04001 8.40001 -0.510476 -3.44105e-06
10.3588 2.18447 -0.510474 6.57252e-14 -5.04001 8.40001 -0.510476 -3.51395e-06
10.4402 2.24814 -0.510474 4.19664e-14 -5.04001 8.40001 -0.510476 -3.58435e-06
10.5183 2.30972 -0.510474 5.17364e-14 -5.04001 8.40001 -0.510476 -3.65247e-06
10.5929 2.36932 -0.510474 7.99361e-15 -5.04001 8.40001 -0.510476 -3.71848e-06
10.6637 2.42707 -0.510474 -3.10862e-14 -5.04001 8.40001 -0.510476 -3.78257e-06
10.7307 2.48308 -0.510474 -3.88578e-14 -5.04001 8.40001 -0.510476 -3.84492e-06
10.7935 2.53749 -0.510474 -8.21565e-15 -5.04001 8.40002 -0.510476 -3.90568e-06
10.8522 2.59043 -0.510474 5.52891e-14 -5.04001 8.40002 -0.510476 -3.965e-06
10.9064 2.64202 -0.510474 5.12923e-14 -5.04001 8.40002 -0.510476 -4.02303e-06
10.9562 2.69241 -0.510474 -5.06262e-14 -5.04001 8.40002 -0.510476 -4.0799e-06
11.0014 2.7417 -0.510474 -3.90799e-14 -5.04001 8.40002 -0.510476 -4.13575e-06
11.0419 2.79004 -0.510474 -7.10543e-15 -5.04001 8.40002 -0.510476 -4.19068e-06
11.0776 2.83753 -0.510474 1.19904e-14 -5.04001 8.40002 -0.510476 -4.24483e-06
11.1084 2.88429 -0.510474 4.66294e-15 -5.04001 8.40002 -0.510476 -4.29831e-06
11.1344 2.93045 -0.510474 5.10703e-15 -5.04001 8.40002 -0.510476 -4.35121e-06
11.1554 2.9761 -0.510474 8.01581e-14 -5.04001 8.40002 -0.510476 -4.40365e-06
11.1715 3.02136 -0.510474 7.14984e-14 -5.04001 8.40002 -0.510476 -4.45573e-06
11.1825 3.06634 -0.510474 8.2212e-14 -5.04001 8.40002 -0.510476 -4.50755e-06
11.1884 3.11115 -0.510474 8.00471e-14 -5.04001 8.40002 -0.510476 -4.55921e-06
11.1894 -3.12731 -0.510474 8.08797e-14 -5.04001 8.40002 -0.510476 -4.61079e-06
11.1852 -3.08254 -0.510474 8.39329e-14 -5.04001 8.40002 -0.510476 -4.66241e-06
11.176 -3.03764 -0.510474 1.00364e-13 -5.04001 8.40002 -0.510476 -4.71416e-06
11.1618 -2.99249 -0.510474 1.01474e-13 -5.04001 8.40002 -0.510476 -4.76614e-06
11.1426 -2.94699 -0.510474 6.10623e-14 -5.04001 8.40002 -0.510476 -4.81843e-06
11.1184 -2.90103 -0.510474 3.86358e-14 -5.04001 8.40002 -0.510476 -4.87116e-06
11.0893 -2.8545 -0.510474 4.21885e-15 -5.04001 8.40002 -0.510476 -4.92441e-06
11.0553 -2.80728 -0.510474 -5.06262e-14 -5.04001 8.40002 -0.510476 -4.97831e-06
11.0166 -2.75927 -0.510474 -7.06102e-14 -5.04001 8.40002 -0.510476 -5.03295e-06
10.9731 -2.71033 -0.510474 1.24345e-14 -5.04001 8.40002 -0.510476 -5.08845e-06
10.925 -2.66036 -0.510474 3.01981e-14 -5.04001 8.40002 -0.510476 -5.14494e-06
10.8723 -2.60922 -0.510474 8.06022e-14 -5.04001 8.40002 -0.510476 -5.20253e-06
10.8152 -2.55678 -0.510474 1.23235e-13 -5.04001 8.40002 -0.510476 -5.26137e-06
10.7539 -2.50292 -0.510473 1.03917e-13 -5.04001 8.40002 -0.510476 -5.32159e-06
10.6884 -2.4475 -0.510473 7.39409e-14 -5.04001 8.40002 -0.510476 -5.38335e-06
10.619 -2.39039 -0.510473 9.19265e-14 -5.04001 8.40002 -0.510476 -5.44679e-06
10.5457 -2.33147 -0.510473 1.27676e-13 -5.04001 8.40002 -0.510476 -5.51209e-06
10.4689 -2.27062 -0.510473 7.63833e-14 -5.04001 8.40002 -0.510476 -5.57942e-06
10.3887 -2.20772 -0.510473 1.08136e-13 -5.04001 8.40002 -0.510476 -5.64897e-06
10.3053 -2.14267 -0.510473 6.95e-14 -5.04001 8.40002 -0.510476 -5.72094e-06
10.2191 -2.07538 -0.510473 9.03722e-14 -5.04001 8.40002 -0.510476 -5.79555e-06
10.1302 -2.00581 -0.510473 1.02252e-13 -5.04002 8.40003 -0.510476 -5.87301e-06
10.0391 -1.93393 -0.510473 7.71605e-14 -5.04002 8.40003 -0.510476 -5.95356e-06
9.94606 -1.85973 -0.510473 4.51306e-14 -5.04002 8.40003 -0.510476 -6.03746e-06
9.85143 -1.78328 -0.510473 5.1209e-14 -5.04002 8.40003 -0.510476 -6.12495e-06
9.75561 -1.70467 -0.510473 5.01404e-14 -5.04002 8.40003 -0.510476 -6.21631e-06
9.65903 -1.62405 -0.510473 6.4726e-14 -5.04002 8.40003 -0.510476 -6.31181e-06
9.56215 -1.5416 -0.510473 8.471e-14 -5.04002 8.40003 -0.510476 -6.41173e-06
9.46544 -1.45758 -0.510473 1.05915e-13 -5.04002 8.40003 -0.510476 -6.51635e-06
9.36942 -1.37227 -0.510473 8.41549e-14 -5.04002 8.40003 -0.510476 -6.62595e-06
9.27463 -1.28596 -0.510473 2.9976e-14 -5.04002 8.40003 -0.510476 -6.74078e-06
9.18163 -1.199 -0.510473 5.06262e-14 -5.04002 8.40003 -0.510476 -6.8611e-06
9.09101 -1.1117 -0.510473 4.75175e-14 -5.04002 8.40003 -0.510476 -6.98712e-06
9.00338 -1.02437 -0.510473 -1.24345e-14 -5.04002 8.40003 -0.510476 -7.11902e-06
8.91936 -0.937306 -0.510472 -1.24345e-14 -5.04002 8.40003 -0.510476 -7.25692e-06
8.83959 -0.850738 -0.510472 2.26485e-14 -5.04002 8.40003 -0.510476 -7.40089e-06
8.76468 -0.764861 -0.510472 1.59872e-14 -5.04002 8.40003 -0.510476 -7.55091e-06
8.69526 -0.679811 -0.510472 5.72875e-14 -5.04002 8.40003 -0.510476 -7.70687e-06
8.63192 -0.595668 -0.510472 -1.28786e-14 -5.04002 8.40003 -0.510476 -7.86858e-06
8.57525 -0.51246 -0.510472 7.4607e-14 -5.04002 8.40003 -0.510476 -8.03572e-06
8.52577 -0.43016 -0.510472 8.43769e-15 -5.04002 8.40003 -0.510476 -8.20786e-06
8.48396 -0.3487 -0.510472 -5.08482e-14 -5.04002 8.40003 -0.510476 -8.38445e-06
8.45024 -0.267974 -0.510472 1.53211e-14 -5.04002 8.40004 -0.510476 -8.56484e-06
8.42496 -0.187842 -0.510472 9.4369e-15 -5.04002 8.40004 -0.510476 -8.74828e-06
8.40837 -0.108143 -0.510472 3.40838e-14 -5.04002 8.40004 -0.510476 -8.93391e-06
8.40065 -0.0287001 -0.510472 3.63598e-14 -5.04002 8.40004 -0.510476 -9.12084e-06
8.4019 0.0506742 -0.510471 3.59157e-14 -5.04002 8.40004 -0.510476 -9.30811e-06
8.41208 0.130169 -0.510471 3.56382e-14 -5.04002 8.40004 -0.510476 -9.49477e-06
8.4311 0.209971 -0.510471 3.19744e-14 -5.04002 8.40004 -0.510476 -9.67989e-06
8.45875 0.290252 -0.510471 -1.31006e-14 -5.04002 8.40004 -0.510476 -9.86256e-06
8.49474 0.371169 -0.510471 -6.92779e-14 -5.04002 8.40004 -0.510476 -1.0042e-05
8.53872 0.452852 -0.510471 -8.90399e-14 -5.04002 8.40004 -0.510476 -1.02174e-05
8.59024 0.535398 -0.510471 -7.10543e-14 -5.04002 8.40004 -0.510476 -1.03882e-05
8.64882 0.618865 -0.510471 -9.23706e-14 -5.04003 8.40004 -0.510476 -1.05539e-05
8.71389 0.703263 -0.510471 -1.57652e-13 -5.04003 8.40004 -0.510476 -1.0714e-05
8.7849 0.788553 -0.510471 -2.81108e-13 -5.04003 8.40004 -0.510476 -1.08684e-05
8.86122 0.874637 -0.510471 -2.85549e-13 -5.04003 8.40004 -0.510476 -1.10167e-05
8.94223 0.961364 -0.51047 -2.04725e-13 -5.04003 8.40004 -0.510476 -1.1159e-05
9.02731 1.04853 -0.51047 -1.18128e-13 -5.04003 8.40004 -0.510476 -1.12952e-05
9.11583 1.13588 -0.51047 -1.30118e-13 -5.04003 8.40005 -0.510476 -1.14255e-05
9.20717 1.22311 -0.51047 -8.12683e-14 -5.04003 8.40005 -0.510476 -1.15499e-05
9.30072 1.30993 -0.51047 -3.06422e-14 -5.04003 8.40005 -0.510476 -1.16687e-05
9.39592 1.39599 -0.51047 -3.95239e-14 -5.04003 8.40005 -0.510476 -1.1782e-05
9.49218 1.48098 -0.51047 1.92069e-14 -5.04003 8.40005 -0.510476 -1.18902e-05
9.58899 1.56459 -0.51047 3.27516e-14 -5.04003 8.40005 -0.510476 -1.19935e-05
9.68584 1.64655 -0.51047 6.27276e-15 -5.04003 8.40005 -0.510476 -1.20922e-05
9.78225 1.72664 -0.51047 1.88183e-14 -5.04003 8.40005 -0.510476 -1.21865e-05
9.87779 1.80466 -0.51047 1.37668e-14 -5.04003 8.40005 -0.510476 -1.22768e-05
9.97202 1.8805 -0.51047 2.66454e-14 -5.04003 8.40005 -0.510476 -1.23632e-05
10.0646 1.95406 -0.51047 4.57412e-14 -5.04003 8.40005 -0.510476 -1.24462e-05
10.1551 2.0253 -0.51047 5.01821e-14 -5.04003 8.40005 -0.510476 -1.25259e-05
10.2432 2.09423 -0.51047 1.24345e-14 -5.04003 8.40005 -0.510476 -1.26025e-05
10.3287 2.16089 -0.51047 -5.55112e-15 -5.04003 8.40005 -0.510476 -1.26764e-05
10.4112 2.22534 -0.51047 -2.28706e-14 -5.04003 8.40005 -0.510476 -1.27476e-05
10.4905 2.28766 -0.51047 -2.64233e-14 -5.04003 8.40005 -0.510476 -1.28166e-05
10.5664 2.34797 -0.51047 -2.33147e-14 -5.04003 8.40005 -0.510476 -1.28833e-05
10.6386 2.40637 -0.51047 -4.39648e-14 -5.04003 8.40005 -0.510476 -1.29481e-05
10.707 2.46299 -0.51047 -4.26326e-14 -5.04003 8.40005 -0.510476 -1.3011e-05
10.7714 2.51797 -0.51047 -1.06803e-13 -5.04003 8.40005 -0.510476 -1.30723e-05
10.8315 2.57142 -0.510469 -1.06581e-13 -5.04003 8.40005 -0.510476 -1.31322e-05
10.8874 2.62349 -0.510469 -1.06803e-13 -5.04003 8.40005 -0.510476 -1.31906e-05
10.9388 2.6743 -0.510469 -1.05027e-13 -5.04003 8.40005 -0.510476 -1.32479e-05
10.9857 2.72397 -0.510469 -1.10134e-13 -5.04003 8.40005 -0.510476 -1.33041e-05
11.0278 2.77264 -0.510469 -1.04361e-13 -5.04003 8.40005 -0.510476 -1.33594e-05
11.0653 2.82042 -0.510469 -3.08642e-14 -5.04003 8.40005 -0.510476 -1.34138e-05
11.0979 2.86743 -0.510469 -4.44089e-15 -5.04003 8.40005 -0.510476 -1.34675e-05
11.1257 2.91379 -0.510469 -2.62013e-14 -5.04003 8.40005 -0.510476 -1.35206e-05
11.1485 2.95962 -0.510469 1.66533e-15 -5.04003 8.40006 -0.510476 -1.35732e-05
11.1663 3.00501 -0.510469 -3.53051e-14 -5.04003 8.40006 -0.510476 -1.36254e-05
11.1792 3.05008 -0.510469 -3.02536e-14 -5.04003 8.40006 -0.510476 -1.36773e-05
11.187 3.09493 -0.510469 -3.53884e-14 -5.04003 8.40006 -0.510476 -1.3729e-05
11.1897 3.13968 -0.510469 -4.17322e-14 -5.04003 8.40006 -0.510476 -1.37806e-05
11.1874 -3.09877 -0.510469 -4.12725e-14 -5.04003 8.40006 -0.510476 -1.38322e-05
11.18 -3.05393 -0.510469 -3.54161e-14 -5.04003 8.40006 -0.510476 -1.38839e-05
11.1677 -3.00888 -0.510469 -1.14353e-14 -5.04003 8.40006 -0.510476 -1.39357e-05
11.1502 -2.96352 -0.510469 4.44089e-15 -5.04003 8.40006 -0.510476 -1.39879e-05
11.1279 -2.91774 -0.510469 1.64313e-14 -5.04003 8.40006 -0.510476 -1.40405e-05
11.1005 -2.87143 -0.510469 5.08482e-14 -5.04003 8.40006 -0.510476 -1.40935e-05
11.0683 -2.82448 -0.510469 1.51879e-13 -5.04003 8.40006 -0.510476 -1.41472e-05
11.0313 -2.77677 -0.510469 1.35003e-13 -5.04003 8.40006 -0.510476 -1.42015e-05
10.9895 -2.72818 -0.510469 1.63425e-13 -5.04004 8.40006 -0.510476 -1.42567e-05
10.943 -2.6786 -0.510469 1.37224e-13 -5.04004 8.40006 -0.510476 -1.43128e-05
10.892 -2.62789 -0.510469 1.62537e-13 -5.04004 8.40006 -0.510476 -1.437e-05
10.8365 -2.57594 -0.510469 2.15605e-13 -5.04004 8.40006 -0.510476 -1.44283e-05
10.7767 -2.52261 -0.510469 1.57652e-13 -5.04004 8.40006 -0.510476 -1.4488e-05
10.7127 -2.46777 -0.510469 1.09468e-13 -5.04004 8.40006 -0.510476 -1.45492e-05
10.6447 -2.41129 -0.510469 1.4011e-13 -5.04004 8.40006 -0.510476 -1.4612e-05
10.5728 -2.35305 -0.510469 1.68088e-13 -5.04004 8.40006 -0.510476 -1.46766e-05
10.4972 -2.29291 -0.510469 1.79856e-13 -5.04004 8.40006 -0.510476 -1.47432e-05
10.4182 -2.23076 -0.510469 1.54543e-13 -5.04004 8.40006 -0.510476 -1.48119e-05
10.336 -2.1665 -0.510469 2.00062e-13 -5.04004 8.40006 -0.510476 -1.4883e-05
10.2507 -2.10004 -0.510469 1.73195e-13 -5.04004 8.40006 -0.510476 -1.49566e-05
10.1628 -2.0313 -0.510469 1.33449e-13 -5.04004 8.40006 -0.510476 -1.5033e-05
10.0725 -1.96026 -0.510468 1.16573e-13 -5.04004 8.40006 -0.510476 -1.51124e-05
9.98009 -1.8869 -0.510468 1.10911e-13 -5.04004 8.40006 -0.510476 -1.51951e-05
9.88599 -1.81126 -0.510468 1.11133e-13 -5.04004 8.40006 -0.510476 -1.52812e-05
9.79055 -1.73342 -0.510468 1.06014e-13 -5.04004 8.40006 -0.510476 -1.53711e-05
9.6942 -1.65351 -0.510468 1.04639e-13 -5.04004 8.40006 -0.510476 -1.54651e-05
9.59737 -1.5717 -0.510468 1.00808e-13 -5.04004 8.40006 -0.510476 -1.55634e-05
9.50054 -1.48822 -0.510468 8.53762e-14 -5.04004 8.40007 -0.510476 -1.56663e-05
9.40421 -1.40334 -0.510468 6.32827e-14 -5.04004 8.40007 -0.510476 -1.5774e-05
9.30891 -1.31736 -0.510468 6.17284e-14 -5.04004 8.40007 -0.510476 -1.58869e-05
9.21519 -1.23059 -0.510468 2.88658e-14 -5.04004 8.40007 -0.510476 -1.60052e-05
9.12364 -1.14338 -0.510468 4.39648e-14 -5.04004 8.40007 -0.510476 -1.61292e-05
9.03486 -1.05603 -0.510468 2.39808e-14 -5.04004 8.40007 -0.510476 -1.62589e-05
8.94946 -0.968841 -0.510468 1.23901e-13 -5.04004 8.40007 -0.510476 -1.63946e-05
8.86807 -0.882068 -0.510468 2.01172e-13 -5.04004 8.40007 -0.510476 -1.65364e-05
8.79132 -0.795923 -0.510468 2.47358e-13 -5.04004 8.40007 -0.510476 -1.66842e-05
8.71984 -0.710562 -0.510468 2.49578e-13 -5.04004 8.40007 -0.510476 -1.6838e-05
8.65423 -0.626085 -0.510468 2.03393e-13 -5.04004 8.40007 -0.510476 -1.69977e-05
8.59508 -0.542539 -0.510467 1.99396e-13 -5.04004 8.40007 -0.510476 -1.71629e-05
8.54293 -0.459916 -0.510467 2.52909e-13 -5.04004 8.40007 -0.510476 -1.73332e-05
8.49828 -0.378164 -0.510467 2.04059e-13 -5.04004 8.40007 -0.510476 -1.75083e-05
8.46159 -0.297186 -0.510467 1.69198e-13 -5.04004 8.40007 -0.510476 -1.76874e-05
8.4332 -0.216857 -0.510467 1.55431e-13 -5.04004 8.40007 -0.510476 -1.78698e-05
8.41344 -0.137022 -0.510467 1.38223e-13 -5.04004 8.40007 -0.510476 -1.80547e-05
8.40249 -0.0575085 -0.510467 1.1352e-13 -5.04004 8.40007 -0.510476 -1.82413e-05
8.40048 0.0218678 -0.510467 1.13395e-13 -5.04005 8.40008 -0.510476 -1.84285e-05
8.40742 0.101296 -0.510467 9.38138e-14 -5.04005 8.40008 -0.510476 -1.86155e-05
8.42325 0.180965 -0.510467 9.21485e-14 -5.04005 8.40008 -0.510476 -1.88013e-05
8.4478 0.261052 -0.510466 4.81837e-14 -5.04005 8.40008 -0.510476 -1.8985e-05
8.4808 0.341721 -0.510466 5.88418e-14 -5.04005 8.40008 -0.510476 -1.91656e-05
8.52193 0.423112 -0.510466 5.52891e-14 -5.04005 8.40008 -0.510476 -1.93426e-05
8.57077 0.505335 -0.510466 8.17124e-14 -5.04005 8.40008 -0.510476 -1.95151e-05
8.62685 0.588462 -0.510466 1.23901e-13 -5.04005 8.40008 -0.510476 -1.96827e-05
8.68963 0.672524 -0.510466 2.04281e-13 -5.04005 8.40008 -0.510476 -1.98449e-05
8.75855 0.757497 -0.510466 2.1716e-13 -5.04005 8.40008 -0.510476 -2.00014e-05
8.83301 0.843306 -0.510466 2.45137e-13 -5.04005 8.40008 -0.510476 -2.01519e-05
8.9124 0.92982 -0.510466 1.9762e-13 -5.04005 8.40008 -0.510476 -2.02964e-05
8.99607 1.01685 -0.510466 2.5846e-13 -5.04005 8.40008 -0.510476 -2.04348e-05
9.08342 1.10416 -0.510466 2.04281e-13 -5.04005 8.40008 -0.510476 -2.05672e-05
9.1738 1.19148 -0.510466 2.43583e-13 -5.04005 8.40008 -0.510476 -2.06937e-05
9.26662 1.27848 -0.510466 1.96509e-13 -5.04005 8.40008 -0.510476 -2.08145e-05
9.36128 1.36485 -0.510466 2.19158e-13 -5.04005 8.40008 -0.510476 -2.09298e-05
9.45722 1.45027 -0.510465 2.04059e-13 -5.04005 8.40008 -0.510476 -2.10398e-05
9.5539 1.53441 -0.510465 2.08944e-13 -5.04005 8.40008 -0.510476 -2.11449e-05
9.65079 1.617 -0.510465 2.07778e-13 -5.04005 8.40009 -0.510476 -2.12452e-05
9.74741 1.69779 -0.510465 2.13496e-13 -5.04005 8.40009 -0.510476 -2.1341e-05
9.84331 1.77658 -0.510465 2.14356e-13 -5.04005 8.40009 -0.510476 -2.14327e-05
9.93807 1.85322 -0.510465 1.99674e-13 -5.04005 8.40009 -0.510476 -2.15206e-05
10.0313 1.92761 -0.510465 2.15938e-13 -5.04005 8.40009 -0.510476 -2.16047e-05
10.1226 1.99969 -0.510465 2.11942e-13 -5.04005 8.40009 -0.510476 -2.16856e-05
10.2116 2.06946 -0.510465 2.81997e-13 -5.04005 8.40009 -0.510476 -2.17633e-05
10.2981 2.13694 -0.510465 2.62901e-13 -5.04005 8.40009 -0.510476 -2.18381e-05
10.3817 2.20218 -0.510465 2.33147e-13 -5.04005 8.40009 -0.510476 -2.19103e-05
10.4622 2.26526 -0.510465 2.37144e-13 -5.04005 8.40009 -0.510476 -2.19801e-05
10.5394 2.32629 -0.510465 1.58318e-13 -5.04005 8.40009 -0.510476 -2.20476e-05
10.6129 2.38537 -0.510465 1.8674e-13 -5.04005 8.40009 -0.510476 -2.2113e-05
10.6827 2.44262 -0.510465 2.5091e-13 -5.04005 8.40009 -0.510476 -2.21766e-05
10.7486 2.49818 -0.510465 2.67564e-13 -5.04005 8.40009 -0.510476 -2.22385e-05
10.8103 2.55217 -0.510465 2.54463e-13 -5.04005 8.40009 -0.510476 -2.22989e-05
10.8677 2.60473 -0.510465 3.04201e-13 -5.04005 8.40009 -0.510476 -2.23578e-05
10.9208 2.65598 -0.510465 2.90434e-13 -5.04005 8.40009 -0.510476 -2.24155e-05
10.9693 2.70605 -0.510465 2.26263e-13 -5.04005 8.40009 -0.510476 -2.24721e-05
11.0132 2.75506 -0.510465 2.71783e-13 -5.04005 8.40009 -0.510476 -2.25277e-05
11.0524 2.80315 -0.510465 3.06422e-13 -5.04005 8.40009 -0.510476 -2.25824e-05
11.0867 2.85043 -0.510465 3.14859e-13 -5.04006 8.40009 -0.510476 -2.26363e-05
11.1163 2.89701 -0.510465 2.67342e-13 -5.04006 8.40009 -0.510476 -2.26896e-05
11.1409 2.94302 -0.510465 3.1164e-13 -5.04006 8.40009 -0.510476 -2.27424e-05
11.1606 2.98855 -0.510465 3.58713e-13 -5.04006 8.40009 -0.510476 -2.27947e-05
11.1752 3.03373 -0.510465 3.6926e-13 -5.04006 8.40009 -0.510476 -2.28467e-05
11.1848 3.07865 -0.510465 3.62266e-13 -5.04006 8.40009 -0.510476 -2.28985e-05
11.1894 3.12342 -0.510464 3.53148e-13 -5.04006 8.40009 -0.510476 -2.29501e-05
11.1889 -3.11504 -0.510464 3.57797e-13 -5.04006 8.40009 -0.510476 -2.30017e-05
11.1834 -3.07025 -0.510464 3.5838e-13 -5.04006 8.40009 -0.510476 -2.30533e-05
11.1729 -3.02529 -0.510464 3.40061e-13 -5.04006 8.40009 -0.510476 -2.31051e-05
11.1573 -2.98005 -0.510464 3.52163e-13 -5.04006 8.40009 -0.510476 -2.31572e-05
11.1367 -2.93444 -0.510464 3.6493e-13 -5.04006 8.40009 -0.510476 -2.32096e-05
11.1111 -2.88834 -0.510464 3.39506e-13 -5.04006 8.4001 -0.510476 -2.32624e-05
11.0807 -2.84163 -0.510464 3.25739e-13 -5.04006 8.4001 -0.510476 -2.33158e-05
11.0454 -2.79421 -0.510464 3.18634e-13 -5.04006 8.4001 -0.510476 -2.33699e-05
11.0053 -2.74596 -0.510464 2.9865e-13 -5.04006 8.4001 -0.510476 -2.34248e-05
10.9606 -2.69675 -0.510464 4.01235e-13 -5.04006 8.4001 -0.510476 -2.34805e-05
10.9112 -2.64647 -0.510464 3.76366e-13 -5.04006 8.4001 -0.510476 -2.35373e-05
10.8573 -2.59499 -0.510464 4.15668e-13 -5.04006 8.4001 -0.510476 -2.35952e-05
10.7991 -2.54217 -0.510464 4.09228e-13 -5.04006 8.4001 -0.510476 -2.36544e-05
10.7366 -2.4879 -0.510464 4.15001e-13 -5.04006 8.4001 -0.510476 -2.3715e-05
10.67 -2.43203 -0.510464 3.01537e-13 -5.04006 8.4001 -0.510476 -2.37772e-05
10.5995 -2.37445 -0.510464 3.51497e-13 -5.04006 8.4001 -0.510476 -2.38412e-05
10.5252 -2.31501 -0.510464 4.33875e-13 -5.04006 8.4001 -0.510476 -2.3907e-05
10.4474 -2.25361 -0.510464 4.54081e-13 -5.04006 8.4001 -0.510476 -2.39749e-05
10.3663 -2.19013 -0.510464 3.95239e-13 -5.04006 8.4001 -0.510476 -2.40451e-05
10.2822 -2.12448 -0.510464 3.95239e-13 -5.04006 8.4001 -0.510476 -2.41178e-05
10.1952 -2.05658 -0.510464 3.87024e-13 -5.04006 8.4001 -0.510476 -2.41931e-05
10.1057 -1.98638 -0.510464 4.20997e-13 -5.04006 8.4001 -0.510476 -2.42714e-05
10.014 -1.91386 -0.510464 3.95017e-13 -5.04006 8.4001 -0.510476 -2.43528e-05
9.92049 -1.83904 -0.510464 4.20608e-13 -5.04006 8.4001 -0.510476 -2.44377e-05
9.8255 -1.76199 -0.510464 4.36373e-13 -5.04006 8.4001 -0.510476 -2.45262e-05
9.72943 -1.68281 -0.510464 4.31905e-13 -5.04006 8.4001 -0.510476 -2.46187e-05
9.63272 -1.60167 -0.510464 4.44533e-13 -5.04006 8.4001 -0.510476 -2.47153e-05
9.53583 -1.51877 -0.510464 4.6585e-13 -5.04006 8.4001 -0.510476 -2.48165e-05
9.43926 -1.43437 -0.510463 4.60521e-13 -5.04006 8.4001 -0.510476 -2.49224e-05
9.34352 -1.34875 -0.510463 4.86944e-13 -5.04006 8.4001 -0.510476 -2.50334e-05
9.24916 -1.26224 -0.510463 4.87388e-13 -5.04006 8.4001 -0.510476 -2.51497e-05
9.15675 -1.17515 -0.510463 4.92939e-13 -5.04006 8.4001 -0.510476 -2.52716e-05
9.06689 -1.08782 -0.510463 4.91163e-13 -5.04006 8.4001 -0.510476 -2.53992e-05
8.98019 -1.00054 -0.510463 4.98268e-13 -5.04006 8.40011 -0.510476 -2.55327e-05
8.89726 -0.91359 -0.510463 5.41789e-13 -5.04006 8.40011 -0.510476 -2.56723e-05
8.81876 -0.827197 -0.510463 5.53335e-13 -5.04006 8.40011 -0.510476 -2.58179e-05
8.74528 -0.741536 -0.510463 5.28466e-13 -5.04006 8.40011 -0.510476 -2.59695e-05
8.67747 -0.656731 -0.510463 5.2891e-13 -5.04006 8.40011 -0.510476 -2.61271e-05
8.6159 -0.572845 -0.510463 5.56888e-13 -5.04006 8.40011 -0.510476 -2.62903e-05
8.56114 -0.489891 -0.510463 4.90274e-13 -5.04007 8.40011 -0.510476 -2.64588e-05
8.51371 -0.407831 -0.510463 5.14699e-13 -5.04007 8.40011 -0.510476 -2.66322e-05
8.47407 -0.326586 -0.510463 4.68514e-13 -5.04007 8.40011 -0.510476 -2.68099e-05
8.44262 -0.246038 -0.510462 5.12479e-13 -5.04007 8.40011 -0.510476 -2.69912e-05
8.41969 -0.166043 -0.510462 5.42788e-13 -5.04007 8.40011 -0.510476 -2.71753e-05
8.40551 -0.0864344 -0.510462 5.46563e-13 -5.04007 8.40011 -0.510476 -2.73614e-05
8.40024 -0.00703093 -0.510462 5.47437e-13 -5.04007 8.40011 -0.510476 -2.75485e-05
8.40393 0.0723558 -0.510462 5.30909e-13 -5.04007 8.40011 -0.510476 -2.77357e-05
8.41654 0.151915 -0.510462 5.24136e-13 -5.04007 8.40011 -0.510476 -2.7922e-05
8.43793 0.231828 -0.510462 5.75984e-13 -5.04007 8.40011 -0.510476 -2.81065e-05
8.46789 0.312267 -0.510462 5.87086e-13 -5.04007 8.40011 -0.510476 -2.82884e-05
8.50611 0.393379 -0.510462 5.77316e-13 -5.04007 8.40012 -0.510476 -2.84668e-05
8.55219 0.475288 -0.510462 6.40155e-13 -5.04007 8.40012 -0.510476 -2.8641e-05
8.60569 0.558079 -0.510461 4.92051e-13 -5.04007 8.40012 -0.510476 -2.88104e-05
8.66609 0.641799 -0.510461 4.74287e-13 -5.04007 8.40012 -0.510476 -2.89746e-05
8.73285 0.726445 -0.510461 4.54303e-13 -5.04007 8.40012 -0.510476 -2.91332e-05
8.80536 0.811961 -0.510461 3.77032e-13 -5.04007 8.40012 -0.510476 -2.92859e-05
8.88302 0.898236 -0.510461 3.42837e-13 -5.04007 8.40012 -0.510476 -2.94326e-05
8.96521 0.985103 -0.510461 4.69846e-13 -5.04007 8.40012 -0.510476 -2.95732e-05
9.05129 1.07234 -0.510461 5.27134e-13 -5.04007 8.40012 -0.510476 -2.97078e-05
9.14064 1.15969 -0.510461 6.76126e-13 -5.04007 8.40012 -0.510476 -2.98364e-05
9.23264 1.24684 -0.510461 6.38822e-13 -5.04007 8.40012 -0.510476 -2.99593e-05
9.3267 1.33348 -0.510461 6.33049e-13 -5.04007 8.40012 -0.510476 -3.00765e-05
9.42224 1.41928 -0.510461 6.19949e-13 -5.04007 8.40012 -0.510476 -3.01884e-05
9.51871 1.50392 -0.510461 6.01075e-13 -5.04007 8.40012 -0.510476 -3.02953e-05
9.61558 1.5871 -0.510461 6.19726e-13 -5.04007 8.40012 -0.510476 -3.03973e-05
9.71235 1.66857 -0.510461 6.12788e-13 -5.04007 8.40012 -0.510476 -3.04947e-05
9.80857 1.74811 -0.510461 6.09207e-13 -5.04007 8.40012 -0.510476 -3.05879e-05
9.90379 1.82555 -0.510461 6.0929e-13 -5.04007 8.40012 -0.510476 -3.06771e-05
9.9976 1.90077 -0.51046 5.99631e-13 -5.04007 8.40012 -0.510476 -3.07626e-05
10.0896 1.97369 -0.51046 5.9952e-13 -5.04007 8.40012 -0.510476 -3.08446e-05
10.1795 2.0443 -0.51046 6.00631e-13 -5.04007 8.40012 -0.510476 -3.09234e-05
10.267 2.11261 -0.51046 5.7887e-13 -5.04008 8.40013 -0.510476 -3.09993e-05
10.3517 2.17865 -0.51046 5.3979e-13 -5.04008 8.40013 -0.510476 -3.10724e-05
10.4334 2.24251 -0.51046 5.93081e-13 -5.04008 8.40013 -0.510476 -3.1143e-05
10.5118 2.30427 -0.51046 6.20393e-13 -5.04008 8.40013 -0.510476 -3.12113e-05
10.5867 2.36405 -0.51046 5.72431e-13 -5.04008 8.40013 -0.510476 -3.12775e-05
10.6578 2.42195 -0.51046 6.32827e-13 -5.04008 8.40013 -0.510476 -3.13417e-05
10.7251 2.47812 -0.51046 6.62581e-13 -5.04008 8.40013 -0.510476 -3.14042e-05
10.7884 2.53266 -0.51046 6.59917e-13 -5.04008 8.40013 -0.510476 -3.14651e-05
10.8474 2.58572 -0.51046 5.97744e-13 -5.04008 8.40013 -0.510476 -3.15246e-05
10.902 2.63743 -0.51046 5.80869e-13 -5.04008 8.40013 -0.510476 -3.15827e-05
10.9522 2.68792 -0.51046 5.55556e-13 -5.04008 8.40013 -0.510476 -3.16397e-05
10.9978 2.73731 -0.51046 6.83453e-13 -5.04008 8.40013 -0.510476 -3.16956e-05
11.0387 2.78572 -0.51046 7.49401e-13 -5.04008 8.40013 -0.510476 -3.17506e-05
11.0749 2.83328 -0.51046 7.52731e-13 -5.04008 8.40013 -0.510476 -3.18048e-05
11.1062 2.8801 -0.51046 7.02105e-13 -5.04008 8.40013 -0.510476 -3.18583e-05
11.1326 2.9263 -0.51046 7.07656e-13 -5.04008 8.40013 -0.510476 -3.19113e-05
11.1541 2.97199 -0.51046 7.2331e-13 -5.04008 8.40013 -0.510476 -3.19637e-05
11.1706 3.01729 -0.51046 7.32636e-13 -5.04008 8.40013 -0.510476 -3.20158e-05
11.182 3.06229 -0.51046 7.38631e-13 -5.04008 8.40013 -0.510476 -3.20677e-05
11.1884 3.1071 -0.51046 7.41296e-13 -5.04008 8.40013 -0.510476 -3.21193e-05
11.1898 -3.13135 -0.51046 7.43045e-13 -5.04008 8.40013 -0.510476 -3.21709e-05
11.1861 -3.0866 -0.51046 7.38853e-13 -5.04008 8.40013 -0.510476 -3.22225e-05
11.1774 -3.04171 -0.51046 7.53009e-13 -5.04008 8.40013 -0.510476 -3.22742e-05
11.1636 -2.99659 -0.51046 7.29417e-13 -5.04008 8.40013 -0.510476 -3.23262e-05
11.1449 -2.95113 -0.51046 6.91891e-13 -5.04008 8.40013 -0.510476 -3.23785e-05
11.1211 -2.90522 -0.51046 7.19647e-13 -5.04008 8.40013 -0.510476 -3.24311e-05
11.0925 -2.85875 -0.51046 6.96998e-13 -5.04008 8.40013 -0.510476 -3.24843e-05
11.0589 -2.8116 -0.51046 6.27054e-13 -5.04008 8.40013 -0.510476 -3.25381e-05
11.0206 -2.76367 -0.51046 6.04405e-13 -5.04008 8.40013 -0.510476 -3.25927e-05
10.9775 -2.71482 -0.51046 6.79456e-13 -5.04008 8.40013 -0.510476 -3.26481e-05
10.9298 -2.66495 -0.510459 6.72351e-13 -5.04008 8.40013 -0.510476 -3.27045e-05
10.8776 -2.61392 -0.510459 6.53255e-13 -5.04008 8.40013 -0.510476 -3.2762e-05
10.8209 -2.56161 -0.510459 5.47784e-13 -5.04008 8.40013 -0.510476 -3.28207e-05
10.76 -2.50788 -0.510459 5.38902e-13 -5.04008 8.40013 -0.510476 -3.28808e-05
10.6949 -2.45261 -0.510459 4.84279e-13 -5.04008 8.40013 -0.510476 -3.29424e-05
10.6258 -2.39567 -0.510459 4.26104e-13 -5.04008 8.40014 -0.510476 -3.30057e-05
10.5529 -2.33693 -0.510459 4.34319e-13 -5.04008 8.40014 -0.510476 -3.30708e-05
10.4763 -2.27626 -0.510459 4.8539e-13 -5.04008 8.40014 -0.510476 -3.31379e-05
10.3964 -2.21355 -0.510459 5.17586e-13 -5.04008 8.40014 -0.510476 -3.32072e-05
10.3133 -2.1487 -0.510459 5.70211e-13 -5.04008 8.40014 -0.510476 -3.3279e-05
10.2273 -2.08163 -0.510459 5.62661e-13 -5.04008 8.40014 -0.510476 -3.33533e-05
10.1387 -2.01227 -0.510459 5.4412e-13 -5.04008 8.40014 -0.510476 -3.34305e-05
10.0478 -1.9406 -0.510459 6.13065e-13 -5.04008 8.40014 -0.510476 -3.35108e-05
9.95492 -1.86662 -0.510459 6.56197e-13 -5.04008 8.40014 -0.510476 -3.35943e-05
9.86042 -1.79038 -0.510459 6.63303e-13 -5.04008 8.40014 -0.510476 -3.36815e-05
9.76469 -1.71196 -0.510459 6.59792e-13 -5.04008 8.40014 -0.510476 -3.37724e-05
9.66816 -1.63152 -0.510459 6.5864e-13 -5.04008 8.40014 -0.510476 -3.38675e-05
9.57129 -1.54923 -0.510459 6.5814e-13 -5.04008 8.40014 -0.510476 -3.3967e-05
9.47454 -1.46535 -0.510459 6.86562e-13 -5.04008 8.40014 -0.510476 -3.40712e-05
9.37843 -1.38014 -0.510459 6.87672e-13 -5.04008 8.40014 -0.510476 -3.41803e-05
9.2835 -1.29392 -0.510459 6.41709e-13 -5.04008 8.40014 -0.510476 -3.42947e-05
9.19032 -1.207 -0.510459 6.73905e-13 -5.04008 8.40014 -0.510476 -3.44144e-05
9.09945 -1.11972 -0.510459 6.70353e-13 -5.04009 8.40014 -0.510476 -3.45399e-05
9.01152 -1.03239 -0.510458 6.49258e-13 -5.04009 8.40014 -0.510476 -3.46713e-05
8.92715 -0.945295 -0.510458 7.1454e-13 -5.04009 8.40014 -0.510476 -3.48086e-05
8.84695 -0.858676 -0.510458 6.88338e-13 -5.04009 8.40014 -0.510476 -3.4952e-05
8.77157 -0.772732 -0.510458 6.53255e-13 -5.04009 8.40014 -0.510476 -3.51014e-05
8.70162 -0.687604 -0.510458 6.93667e-13 -5.04009 8.40014 -0.510476 -3.52568e-05
8.6377 -0.603379 -0.510458 6.12399e-13 -5.04009 8.40015 -0.510476 -3.5418e-05
8.58039 -0.520088 -0.510458 5.92859e-13 -5.04009 8.40015 -0.510476 -3.55847e-05
8.53023 -0.43771 -0.510458 6.61027e-13 -5.04009 8.40015 -0.510476 -3.57563e-05
8.48769 -0.356179 -0.510458 6.16396e-13 -5.04009 8.40015 -0.510476 -3.59325e-05
8.45321 -0.275393 -0.510458 6.24167e-13 -5.04009 8.40015 -0.510476 -3.61126e-05
8.42713 -0.195216 -0.510458 6.68132e-13 -5.04009 8.40015 -0.510476 -3.62958e-05
8.40973 -0.115487 -0.510458 6.59139e-13 -5.04009 8.40015 -0.510476 -3.64812e-05
8.4012 -0.0360312 -0.510457 6.61943e-13 -5.04009 8.40015 -0.510476 -3.6668e-05
8.40161 0.0433387 -0.510457 6.55503e-13 -5.04009 8.40015 -0.510476 -3.68553e-05
8.41097 0.122812 -0.510457 6.32827e-13 -5.04009 8.40015 -0.510476 -3.7042e-05
8.42918 0.202575 -0.510457 6.42708e-13 -5.04009 8.40015 -0.510476 -3.72273e-05
8.45604 0.282802 -0.510457 6.73239e-13 -5.04009 8.40015 -0.510476 -3.74102e-05
8.49128 0.363651 -0.510457 6.95666e-13 -5.04009 8.40015 -0.510476 -3.759e-05
8.53453 0.445256 -0.510457 7.67164e-13 -5.04009 8.40015 -0.510476 -3.77658e-05
8.58538 0.527716 -0.510457 9.17044e-13 -5.04009 8.40015 -0.510476 -3.7937e-05
8.64332 0.611093 -0.510457 9.0461e-13 -5.04009 8.40015 -0.510476 -3.81032e-05
8.70782 0.695403 -0.510457 9.42357e-13 -5.04009 8.40015 -0.510476 -3.82638e-05
8.7783 0.78061 -0.510457 9.54348e-13 -5.04009 8.40016 -0.510476 -3.84187e-05
8.85415 0.866623 -0.510457 8.51319e-13 -5.04009 8.40016 -0.510476 -3.85676e-05
8.93476 0.953295 -0.510456 7.74936e-13 -5.04009 8.40016 -0.510476 -3.87104e-05
9.01949 1.04043 -0.510456 7.88702e-13 -5.04009 8.40016 -0.510476 -3.88472e-05
9.10772 1.12776 -0.510456 8.2867e-13 -5.04009 8.40016 -0.510476 -3.8978e-05
9.19882 1.21502 -0.510456 8.69305e-13 -5.04009 8.40016 -0.510476 -3.91029e-05
9.2922 1.30189 -0.510456 8.36442e-13 -5.0401 8.40016 -0.510476 -3.92222e-05
9.38726 1.38803 -0.510456 8.70193e-13 -5.0401 8.40016 -0.510476 -3.9336e-05
9.48345 1.47313 -0.510456 8.1779e-13 -5.0401 8.40016 -0.510476 -3.94447e-05
9.58023 1.55688 -0.510456 8.16791e-13 -5.0401 8.40016 -0.510476 -3.95484e-05
9.6771 1.639 -0.510456 8.42493e-13 -5.0401 8.40016 -0.510476 -3.96475e-05
9.77357 1.71926 -0.510456 8.42049e-13 -5.0401 8.40016 -0.510476 -3.97422e-05
9.8692 1.79749 -0.510456 8.41383e-13 -5.0401 8.40016 -0.510476 -3.98328e-05
9.96358 1.87352 -0.510456 8.32889e-13 -5.0401 8.40016 -0.510476 -3.99196e-05
10.0563 1.94729 -0.510456 8.45102e-13 -5.0401 8.40016 -0.510476 -4.00029e-05
10.147 2.01875 -0.510456 8.41993e-13 -5.0401 8.40016 -0.510476 -4.00828e-05
10.2354 2.08789 -0.510456 8.69749e-13 -5.0401 8.40016 -0.510476 -4.01597e-05
10.3211 2.15476 -0.510456 8.65308e-13 -5.0401 8.40016 -0.510476 -4.02338e-05
10.4039 2.21941 -0.510456 8.21787e-13 -5.0401 8.40016 -0.510476 -4.03053e-05
10.4836 2.28192 -0.510456 8.96172e-13 -5.0401 8.40016 -0.510476 -4.03745e-05
10.5598 2.34241 -0.510456 8.91953e-13 -5.0401 8.40016 -0.510476 -4.04414e-05
10.6323 2.40098 -0.510456 9.82103e-13 -5.0401 8.40016 -0.510476 -4.05063e-05
10.7011 2.45777 -0.510455 1.03184e-12 -5.0401 8.40016 -0.510476 -4.05694e-05
10.7658 2.51289 -0.510455 9.47908e-13 -5.0401 8.40016 -0.510476 -4.06309e-05
10.8264 2.56648 -0.510455 9.70113e-13 -5.0401 8.40017 -0.510476 -4.06908e-05
10.8827 2.61867 -0.510455 1.00919e-12 -5.0401 8.40017 -0.510476 -4.07494e-05
10.9345 2.66958 -0.510455 1.04405e-12 -5.0401 8.40017 -0.510476 -4.08068e-05
10.9818 2.71936 -0.510455 1.01963e-12 -5.0401 8.40017 -0.510476 -4.08631e-05
11.0244 2.76811 -0.510455 1.0445e-12 -5.0401 8.40017 -0.510476 -4.09184e-05
11.0623 2.81597 -0.510455 9.9698e-13 -5.0401 8.40017 -0.510476 -4.09729e-05
11.0954 2.86305 -0.510455 9.46354e-13 -5.0401 8.40017 -0.510476 -4.10267e-05
11.1236 2.90946 -0.510455 9.46576e-13 -5.0401 8.40017 -0.510476 -4.10798e-05
11.1469 2.95533 -0.510455 9.72222e-13 -5.0401 8.40017 -0.510476 -4.11324e-05
11.1652 3.00075 -0.510455 9.95759e-13 -5.0401 8.40017 -0.510476 -4.11847e-05
11.1785 3.04584 -0.510455 1.00253e-12 -5.0401 8.40017 -0.510476 -4.12366e-05
11.1868 3.09071 -0.510455 9.92928e-13 -5.0401 8.40017 -0.510476 -4.12883e-05
11.19 3.13546 -0.510455 9.88348e-13 -5.0401 8.40017 -0.510476 -4.13399e-05
11.1882 -3.10299 -0.510455 9.89847e-13 -5.0401 8.40017 -0.510476 -4.13915e-05
11.1813 -3.05816 -0.510455 9.86267e-13 -5.0401 8.40017 -0.510476 -4.14431e-05
11.1694 -3.01314 -0.510455 9.76441e-13 -5.0401 8.40017 -0.510476 -4.1495e-05
11.1524 -2.96782 -0.510455 9.8177e-13 -5.0401 8.40017 -0.510476 -4.15471e-05
11.1305 -2.92209 -0.510455 9.9365e-13 -5.0401 8.40017 -0.510476 -4.15996e-05
11.1037 -2.87583 -0.510455 1.01075e-12 -5.0401 8.40017 -0.510476 -4.16526e-05
11.0719 -2.82895 -0.510455 1.00786e-12 -5.0401 8.40017 -0.510476 -4.17062e-05
11.0353 -2.78132 -0.510455 1.05138e-12 -5.0401 8.40017 -0.510476 -4.17605e-05
10.994 -2.73282 -0.510455 1.05715e-12 -5.0401 8.40017 -0.510476 -4.18156e-05
10.9479 -2.68334 -0.510455 1.04095e-12 -5.0401 8.40017 -0.510476 -4.18716e-05
10.8974 -2.63275 -0.510455 1.08957e-12 -5.0401 8.40017 -0.510476 -4.19286e-05
10.8423 -2.58092 -0.510455 1.1029e-12 -5.0401 8.40017 -0.510476 -4.19869e-05
10.7829 -2.52773 -0.510455 1.11711e-12 -5.0401 8.40017 -0.510476 -4.20464e-05
10.7193 -2.47304 -0.510455 1.12665e-12 -5.0401 8.40017 -0.510476 -4.21075e-05
10.6516 -2.41673 -0.510455 1.15574e-12 -5.0401 8.40017 -0.510476 -4.21701e-05
10.5801 -2.35866 -0.510455 1.15064e-12 -5.0401 8.40017 -0.510476 -4.22345e-05
10.5049 -2.29871 -0.510455 1.27987e-12 -5.0401 8.40017 -0.510476 -4.23009e-05
10.4262 -2.23676 -0.510455 1.247e-12 -5.0401 8.40017 -0.510476 -4.23694e-05
10.3442 -2.17271 -0.510455 1.19638e-12 -5.0401 8.40017 -0.510476 -4.24402e-05
10.2593 -2.10646 -0.510454 1.2268e-12 -5.0401 8.40017 -0.510476 -4.25136e-05
10.1716 -2.03795 -0.510454 1.19549e-12 -5.0401 8.40017 -0.510476 -4.25897e-05
10.0815 -1.96713 -0.510454 1.19804e-12 -5.0401 8.40017 -0.510476 -4.26688e-05
9.98925 -1.89399 -0.510454 1.21647e-12 -5.04011 8.40018 -0.510476 -4.27511e-05
9.89529 -1.81857 -0.510454 1.23856e-12 -5.04011 8.40018 -0.510476 -4.28369e-05
9.79997 -1.74093 -0.510454 1.23399e-12 -5.04011 8.40018 -0.510476 -4.29265e-05
9.70368 -1.66121 -0.510454 1.23662e-12 -5.04011 8.40018 -0.510476 -4.302e-05
9.60688 -1.57958 -0.510454 1.23568e-12 -5.04011 8.40018 -0.510476 -4.31179e-05
9.51003 -1.49625 -0.510454 1.26998e-12 -5.04011 8.40018 -0.510476 -4.32203e-05
9.41363 -1.4115 -0.510454 1.30673e-12 -5.04011 8.40018 -0.510476 -4.33276e-05
9.3182 -1.32561 -0.510454 1.31717e-12 -5.04011 8.40018 -0.510476 -4.34399e-05
9.22431 -1.23891 -0.510454 1.30762e-12 -5.04011 8.40018 -0.510476 -4.35577e-05
9.13252 -1.15173 -0.510454 1.29097e-12 -5.04011 8.40018 -0.510476 -4.36811e-05
9.04345 -1.06439 -0.510454 1.34026e-12 -5.04011 8.40018 -0.510476 -4.38102e-05
8.9577 -0.977172 -0.510454 1.35403e-12 -5.04011 8.40018 -0.510476 -4.39454e-05
8.8759 -0.890353 -0.510454 1.21592e-12 -5.04011 8.40018 -0.510476 -4.40865e-05
8.79868 -0.804144 -0.510454 1.28164e-12 -5.04011 8.40018 -0.510476 -4.42337e-05
8.72666 -0.718705 -0.510454 1.24389e-12 -5.04011 8.40018 -0.510476 -4.4387e-05
8.66046 -0.634144 -0.510453 1.15596e-12 -5.04011 8.40018 -0.510476 -4.45461e-05
8.60067 -0.550511 -0.510453 1.10845e-12 -5.04011 8.40018 -0.510476 -4.47107e-05
8.54782 -0.467805 -0.510453 1.16307e-12 -5.04011 8.40018 -0.510476 -4.48806e-05
8.50244 -0.385975 -0.510453 1.21325e-12 -5.04011 8.40018 -0.510476 -4.50552e-05
8.46496 -0.304931 -0.510453 1.22902e-12 -5.04011 8.40018 -0.510476 -4.52339e-05
8.43577 -0.224548 -0.510453 1.23923e-12 -5.04011 8.40019 -0.510476 -4.54161e-05
8.41516 -0.144676 -0.510453 1.25011e-12 -5.04011 8.40019 -0.510476 -4.56008e-05
8.40336 -0.0651423 -0.510453 1.2606e-12 -5.04011 8.40019 -0.510476 -4.57872e-05
8.40048 0.0142362 -0.510453 1.25203e-12 -5.04011 8.40019 -0.510476 -4.59744e-05
8.40657 0.0936488 -0.510453 1.25938e-12 -5.04011 8.40019 -0.510476 -4.61614e-05
8.42155 0.173283 -0.510453 1.3054e-12 -5.04011 8.40019 -0.510476 -4.63474e-05
8.44527 0.25332 -0.510452 1.3114e-12 -5.04011 8.40019 -0.510476 -4.65312e-05
8.47747 0.333923 -0.510452 1.28253e-12 -5.04011 8.40019 -0.510476 -4.67122e-05
8.51784 0.415237 -0.510452 1.35625e-12 -5.04011 8.40019 -0.510476 -4.68895e-05
8.56595 0.497373 -0.510452 1.28564e-12 -5.04011 8.40019 -0.510476 -4.70625e-05
8.62135 0.580408 -0.510452 1.22702e-12 -5.04011 8.40019 -0.510476 -4.72306e-05
8.68351 0.664376 -0.510452 1.27942e-12 -5.04012 8.40019 -0.510476 -4.73933e-05
8.75187 0.749261 -0.510452 1.29408e-12 -5.04012 8.40019 -0.510476 -4.75503e-05
8.82582 0.834991 -0.510452 1.24833e-12 -5.04012 8.40019 -0.510476 -4.77014e-05
8.90476 0.921441 -0.510452 1.2661e-12 -5.04012 8.40019 -0.510476 -4.78464e-05
8.98805 1.00843 -0.510452 1.35625e-12 -5.04012 8.40019 -0.510476 -4.79854e-05
9.07507 1.09572 -0.510452 1.39311e-12 -5.04012 8.40019 -0.510476 -4.81184e-05
9.16519 1.18304 -0.510452 1.38445e-12 -5.04012 8.4002 -0.510476 -4.82455e-05
9.2578 1.27009 -0.510452 1.49214e-12 -5.04012 8.4002 -0.510476 -4.83668e-05
9.35231 1.35653 -0.510451 1.39844e-12 -5.04012 8.4002 -0.510476 -4.84826e-05
9.44815 1.44205 -0.510451 1.46372e-12 -5.04012 8.4002 -0.510476 -4.85931e-05
9.54477 1.52633 -0.510451 1.48426e-12 -5.04012 8.4002 -0.510476 -4.86986e-05
9.64166 1.60907 -0.510451 1.49175e-12 -5.04012 8.4002 -0.510476 -4.87994e-05
9.73834 1.69004 -0.510451 1.50105e-12 -5.04012 8.4002 -0.510476 -4.88956e-05
9.83433 1.76903 -0.510451 1.49292e-12 -5.04012 8.4002 -0.510476 -4.89877e-05
9.92921 1.84588 -0.510451 1.51518e-12 -5.04012 8.4002 -0.510476 -4.90759e-05
10.0226 1.92049 -0.510451 1.51867e-12 -5.04012 8.4002 -0.510476 -4.91604e-05
10.1141 1.9928 -0.510451 1.5401e-12 -5.04012 8.4002 -0.510476 -4.92415e-05
10.2034 2.06279 -0.510451 1.53388e-12 -5.04012 8.4002 -0.510476 -4.93195e-05
10.2901 2.13048 -0.510451 1.4746e-12 -5.04012 8.4002 -0.510476 -4.93946e-05
10.374 2.19593 -0.510451 1.51457e-12 -5.04012 8.4002 -0.510476 -4.94671e-05
10.4548 2.25922 -0.510451 1.53966e-12 -5.04012 8.4002 -0.510476 -4.9537e-05
10.5323 2.32044 -0.510451 1.53078e-12 -5.04012 8.4002 -0.510476 -4.96047e-05
10.6062 2.3797 -0.510451 1.59472e-12 -5.04012 8.4002 -0.510476 -4.96704e-05
10.6764 2.43712 -0.510451 1.65379e-12 -5.04012 8.4002 -0.510476 -4.97342e-05
10.7426 2.49284 -0.510451 1.60805e-12 -5.04012 8.4002 -0.510476 -4.97962e-05
10.8048 2.54697 -0.510451 1.58717e-12 -5.04012 8.4002 -0.510476 -4.98567e-05
10.8626 2.59966 -0.510451 1.57963e-12 -5.04012 8.4002 -0.510476 -4.99157e-05
10.9161 2.65103 -0.510451 1.56231e-12 -5.04012 8.4002 -0.510476 -4.99735e-05
10.9651 2.70121 -0.510451 1.64024e-12 -5.04012 8.4002 -0.510476 -5.00302e-05
11.0094 2.75032 -0.510451 1.62292e-12 -5.04012 8.4002 -0.510476 -5.00859e-05
11.0491 2.79849 -0.510451 1.56808e-12 -5.04012 8.4002 -0.510476 -5.01407e-05
11.0839 2.84584 -0.510451 1.60161e-12 -5.04012 8.4002 -0.510476 -5.01947e-05
11.1139 2.89249 -0.510451 1.66045e-12 -5.04012 8.4002 -0.510476 -5.0248e-05
11.139 2.93854 -0.510451 1.63747e-12 -5.04012 8.4002 -0.510476 -5.03008e-05
11.1592 2.98411 -0.51045 1.66078e-12 -5.04012 8.4002 -0.510476 -5.03532e-05
11.1743 3.02932 -0.51045 1.65423e-12 -5.04012 8.40021 -0.510476 -5.04052e-05
11.1844 3.07425 -0.51045 1.6801e-12 -5.04012 8.40021 -0.510476 -5.0457e-05
11.1895 3.11903 -0.51045 1.67688e-12 -5.04012 8.40021 -0.510476 -5.05086e-05
11.1895 -3.11942 -0.51045 1.67523e-12 -5.04012 8.40021 -0.510476 -5.05602e-05
11.1845 -3.07465 -0.51045 1.67705e-12 -5.04012 8.40021 -0.510476 -5.06118e-05
11.1744 -3.02971 -0.51045 1.67e-12 -5.04012 8.40021 -0.510476 -5.06636e-05
11.1594 -2.98451 -0.51045 1.69054e-12 -5.04012 8.40021 -0.510476 -5.07156e-05
11.1393 -2.93894 -0.51045 1.64402e-12 -5.04012 8.40021 -0.510476 -5.07679e-05
11.1142 -2.89289 -0.51045 1.63825e-12 -5.04012 8.40021 -0.510476 -5.08207e-05
11.0842 -2.84625 -0.51045 1.63713e-12 -5.04012 8.40021 -0.510476 -5.08741e-05
11.0494 -2.79891 -0.51045 1.64957e-12 -5.04012 8.40021 -0.510476 -5.09281e-05
11.0098 -2.75075 -0.51045 1.63158e-12 -5.04012 8.40021 -0.510476 -5.09829e-05
10.9655 -2.70164 -0.51045 1.69376e-12 -5.04013 8.40021 -0.510476 -5.10385e-05
10.9166 -2.65148 -0.51045 1.69709e-12 -5.04013 8.40021 -0.510476 -5.10952e-05
10.8631 -2.60012 -0.51045 1.77036e-12 -5.04013 8.40021 -0.510476 -5.1153e-05
10.8053 -2.54744 -0.51045 1.74372e-12 -5.04013 8.40021 -0.510476 -5.1212e-05
10.7432 -2.49332 -0.51045 1.75837e-12 -5.04013 8.40021 -0.510476 -5.12725e-05
10.6771 -2.43762 -0.51045 1.71219e-12 -5.04013 8.40021 -0.510476 -5.13345e-05
10.6069 -2.38021 -0.51045 1.64557e-12 -5.04013 8.40021 -0.510476 -5.13983e-05
10.533 -2.32097 -0.51045 1.61449e-12 -5.04013 8.40021 -0.510476 -5.14639e-05
10.4556 -2.25977 -0.51045 1.59206e-12 -5.04013 8.40021 -0.510476 -5.15316e-05
10.3748 -2.1965 -0.51045 1.56719e-12 -5.04013 8.40021 -0.510476 -5.16015e-05
10.2909 -2.13107 -0.51045 1.53522e-12 -5.04013 8.40021 -0.510476 -5.16739e-05
10.2042 -2.0634 -0.51045 1.61537e-12 -5.04013 8.40021 -0.510476 -5.1749e-05
10.1149 -1.99343 -0.51045 1.64924e-12 -5.04013 8.40021 -0.510476 -5.1827e-05
10.0235 -1.92114 -0.51045 1.67122e-12 -5.04013 8.40021 -0.510476 -5.19081e-05
9.93011 -1.84656 -0.51045 1.65357e-12 -5.04013 8.40021 -0.510476 -5.19926e-05
9.83524 -1.76973 -0.51045 1.65727e-12 -5.04013 8.40021 -0.510476 -5.20807e-05
9.73925 -1.69076 -0.51045 1.66175e-12 -5.04013 8.40021 -0.510476 -5.21728e-05
9.64259 -1.6098 -0.51045 1.6448e-12 -5.04013 8.40021 -0.510476 -5.2269e-05
9.5457 -1.52707 -0.510449 1.61271e-12 -5.04013 8.40021 -0.510476 -5.23697e-05
9.44907 -1.44281 -0.510449 1.62115e-12 -5.04013 8.40022 -0.510476 -5.24751e-05
9.35322 -1.3573 -0.510449 1.6056e-12 -5.04013 8.40022 -0.510476 -5.25856e-05
9.2587 -1.27087 -0.510449 1.63958e-12 -5.04013 8.40022 -0.510476 -5.27014e-05
9.16607 -1.18383 -0.510449 1.67311e-12 -5.04013 8.40022 -0.510476 -5.28226e-05
9.07593 -1.09651 -0.510449 1.70308e-12 -5.04013 8.40022 -0.510476 -5.29496e-05
8.98888 -1.00921 -0.510449 1.76437e-12 -5.04013 8.40022 -0.510476 -5.30826e-05
8.90556 -0.922222 -0.510449 1.71818e-12 -5.04013 8.40022 -0.510476 -5.32215e-05
8.82658 -0.835768 -0.510449 1.76881e-12 -5.04013 8.40022 -0.510476 -5.33665e-05
8.75258 -0.750031 -0.510449 1.74349e-12 -5.04013 8.40022 -0.510476 -5.35175e-05
8.68417 -0.66514 -0.510449 1.74571e-12 -5.04013 8.40022 -0.510476 -5.36745e-05
8.62195 -0.581164 -0.510449 1.72085e-12 -5.04013 8.40022 -0.510476 -5.38371e-05
8.56649 -0.498121 -0.510449 1.72928e-12 -5.04013 8.40022 -0.510476 -5.40051e-05
8.51831 -0.415978 -0.510449 1.70775e-12 -5.04013 8.40022 -0.510476 -5.41781e-05
8.47787 -0.334659 -0.510448 1.7395e-12 -5.04013 8.40022 -0.510476 -5.43553e-05
8.44559 -0.25405 -0.510448 1.7466e-12 -5.04013 8.40022 -0.510476 -5.45363e-05
8.42179 -0.17401 -0.510448 1.71185e-12 -5.04013 8.40022 -0.510476 -5.47201e-05
8.40673 -0.0943738 -0.510448 1.70769e-12 -5.04013 8.40022 -0.510476 -5.4906e-05
8.40057 -0.0149609 -0.510448 1.69885e-12 -5.04013 8.40022 -0.510476 -5.50931e-05
8.40336 0.0644161 -0.510448 1.69281e-12 -5.04014 8.40023 -0.510476 -5.52803e-05
8.41508 0.143947 -0.510448 1.69498e-12 -5.04014 8.40023 -0.510476 -5.54667e-05
8.43561 0.223814 -0.510448 1.67799e-12 -5.04014 8.40023 -0.510476 -5.56514e-05
8.46472 0.30419 -0.510448 1.66556e-12 -5.04014 8.40023 -0.510476 -5.58336e-05
8.50213 0.385226 -0.510448 1.76659e-12 -5.04014 8.40023 -0.510476 -5.60123e-05
8.54744 0.467048 -0.510448 1.74771e-12 -5.04014 8.40023 -0.510476 -5.61869e-05
8.60022 0.549745 -0.510447 1.84075e-12 -5.04014 8.40023 -0.510476 -5.63569e-05
8.65996 0.633368 -0.510447 1.79901e-12 -5.04014 8.40023 -0.510476 -5.65216e-05
8.7261 0.71792 -0.510447 1.7697e-12 -5.04014 8.40023 -0.510476 -5.66807e-05
8.79807 0.803349 -0.510447 1.6529e-12 -5.04014 8.40023 -0.510476 -5.6834e-05
8.87524 0.889552 -0.510447 1.67644e-12 -5.04014 8.40023 -0.510476 -5.69813e-05
8.957 0.976365 -0.510447 1.64846e-12 -5.04014 8.40023 -0.510476 -5.71225e-05
9.04272 1.06357 -0.510447 1.68709e-12 -5.04014 8.40023 -0.510476 -5.72577e-05
9.13177 1.15092 -0.510447 1.80322e-12 -5.04014 8.40023 -0.510476 -5.73869e-05
9.22354 1.2381 -0.510447 1.83409e-12 -5.04014 8.40023 -0.510476 -5.75103e-05
9.31742 1.32481 -0.510447 1.88027e-12 -5.04014 8.40023 -0.510476 -5.76281e-05
9.41283 1.4107 -0.510447 1.95732e-12 -5.04014 8.40023 -0.510476 -5.77405e-05
9.50923 1.49547 -0.510447 1.91658e-12 -5.04014 8.40023 -0.510476 -5.78478e-05
9.60608 1.57881 -0.510447 1.90725e-12 -5.04014 8.40023 -0.510476 -5.79503e-05
9.70289 1.66046 -0.510447 1.90509e-12 -5.04014 8.40024 -0.510476 -5.80482e-05
9.79918 1.74019 -0.510447 1.91132e-12 -5.04014 8.40024 -0.510476 -5.81418e-05
9.89452 1.81785 -0.510446 1.91452e-12 -5.04014 8.40024 -0.510476 -5.82313e-05
9.9885 1.89329 -0.510446 1.90603e-12 -5.04014 8.40024 -0.510476 -5.83172e-05
10.0807 1.96644 -0.510446 1.89215e-12 -5.04014 8.40024 -0.510476 -5.83995e-05
10.1709 2.03729 -0.510446 1.87961e-12 -5.04014 8.40024 -0.510476 -5.84786e-05
10.2586 2.10582 -0.510446 1.81521e-12 -5.04014 8.40024 -0.510476 -5.85548e-05
10.3436 2.17209 -0.510446 1.75215e-12 -5.04014 8.40024 -0.510476 -5.86282e-05
10.4255 2.23616 -0.510446 1.78924e-12 -5.04014 8.40024 -0.510476 -5.8699e-05
10.5043 2.29813 -0.510446 1.79523e-12 -5.04014 8.40024 -0.510476 -5.87675e-05
10.5795 2.35809 -0.510446 1.91069e-12 -5.04014 8.40024 -0.510476 -5.88339e-05
10.6511 2.41618 -0.510446 1.92135e-12 -5.04014 8.40024 -0.510476 -5.88983e-05
10.7188 2.47251 -0.510446 1.90759e-12 -5.04014 8.40024 -0.510476 -5.8961e-05
10.7825 2.52721 -0.510446 1.80922e-12 -5.04014 8.40024 -0.510476 -5.9022e-05
10.8419 2.58041 -0.510446 1.76903e-12 -5.04014 8.40024 -0.510476 -5.90816e-05
10.897 2.63225 -0.510446 1.75171e-12 -5.04014 8.40024 -0.510476 -5.91399e-05
10.9477 2.68285 -0.510446 1.71485e-12 -5.04014 8.40024 -0.510476 -5.91969e-05
10.9937 2.73234 -0.510446 1.65334e-12 -5.04014 8.40024 -0.510476 -5.92529e-05
11.0351 2.78085 -0.510446 1.63447e-12 -5.04014 8.40024 -0.510476 -5.9308e-05
11.0718 2.82849 -0.510446 1.58074e-12 -5.04014 8.40024 -0.510476 -5.93623e-05
11.1036 2.87538 -0.510446 1.57607e-12 -5.04015 8.40024 -0.510476 -5.94159e-05
11.1305 2.92163 -0.510446 1.58473e-12 -5.04015 8.40024 -0.510476 -5.94689e-05
11.1525 2.96737 -0.510446 1.57951e-12 -5.04015 8.40024 -0.510476 -5.95214e-05
11.1694 3.0127 -0.510446 1.60483e-12 -5.04015 8.40024 -0.510476 -5.95735e-05
11.1814 3.05772 -0.510446 1.59656e-12 -5.04015 8.40024 -0.510476 -5.96254e-05
11.1884 3.10254 -0.510446 1.60388e-12 -5.04015 8.40024 -0.510476 -5.9677e-05
11.1902 -3.13591 -0.510446 1.60405e-12 -5.04015 8.40024 -0.510476 -5.97286e-05
11.1871 -3.09116 -0.510446 1.59911e-12 -5.04015 8.40024 -0.510476 -5.97802e-05
11.1789 -3.0463 -0.510446 1.59711e-12 -5.04015 8.40024 -0.510476 -5.98319e-05
11.1656 -3.00121 -0.510446 1.5854e-12 -5.04015 8.40024 -0.510476 -5.98838e-05
11.1474 -2.95579 -0.510446 1.55276e-12 -5.04015 8.40024 -0.510476 -5.9936e-05
11.1241 -2.90993 -0.510446 1.49147e-12 -5.04015 8.40024 -0.510476 -5.99887e-05
11.096 -2.86352 -0.510446 1.51745e-12 -5.04015 8.40024 -0.510476 -6.00418e-05
11.0629 -2.81645 -0.510446 1.55254e-12 -5.04015 8.40025 -0.510476 -6.00955e-05
11.0251 -2.76861 -0.510445 1.53677e-12 -5.04015 8.40025 -0.510476 -6.015e-05
10.9825 -2.71986 -0.510445 1.51656e-12 -5.04015 8.40025 -0.510476 -6.02053e-05
10.9353 -2.6701 -0.510445 1.53033e-12 -5.04015 8.40025 -0.510476 -6.02616e-05
10.8835 -2.6192 -0.510445 1.60116e-12 -5.04015 8.40025 -0.510476 -6.0319e-05
10.8273 -2.56703 -0.510445 1.60449e-12 -5.04015 8.40025 -0.510476 -6.03775e-05
10.7667 -2.51346 -0.510445 1.62981e-12 -5.04015 8.40025 -0.510476 -6.04375e-05
10.702 -2.45835 -0.510445 1.65934e-12 -5.04015 8.40025 -0.510476 -6.04989e-05
10.6333 -2.40159 -0.510445 1.66978e-12 -5.04015 8.40025 -0.510476 -6.0562e-05
10.5608 -2.34304 -0.510445 1.59295e-12 -5.04015 8.40025 -0.510476 -6.06269e-05
10.4846 -2.28257 -0.510445 1.57074e-12 -5.04015 8.40025 -0.510476 -6.06938e-05
10.4051 -2.22008 -0.510445 1.53522e-12 -5.04015 8.40025 -0.510476 -6.07629e-05
10.3223 -2.15546 -0.510445 1.47748e-12 -5.04015 8.40025 -0.510476 -6.08344e-05
10.2366 -2.08862 -0.510445 1.42664e-12 -5.04015 8.40025 -0.510476 -6.09084e-05
10.1482 -2.01951 -0.510445 1.43618e-12 -5.04015 8.40025 -0.510476 -6.09853e-05
10.0575 -1.94808 -0.510445 1.38478e-12 -5.04015 8.40025 -0.510476 -6.10652e-05
9.96483 -1.87434 -0.510445 1.38189e-12 -5.04015 8.40025 -0.510476 -6.11484e-05
9.87047 -1.79832 -0.510445 1.37615e-12 -5.04015 8.40025 -0.510476 -6.12352e-05
9.77485 -1.72013 -0.510445 1.37576e-12 -5.04015 8.40025 -0.510476 -6.13257e-05
9.67839 -1.63989 -0.510445 1.37257e-12 -5.04015 8.40025 -0.510476 -6.14204e-05
9.58153 -1.55779 -0.510445 1.40199e-12 -5.04015 8.40025 -0.510476 -6.15194e-05
9.48474 -1.47406 -0.510445 1.41531e-12 -5.04015 8.40025 -0.510476 -6.16231e-05
9.38854 -1.38898 -0.510445 1.41598e-12 -5.04015 8.40025 -0.510476 -6.17317e-05
9.29347 -1.30285 -0.510445 1.37956e-12 -5.04015 8.40025 -0.510476 -6.18454e-05
9.20007 -1.21599 -0.510445 1.3376e-12 -5.04015 8.40025 -0.510476 -6.19646e-05
9.10894 -1.12874 -0.510444 1.29474e-12 -5.04015 8.40025 -0.510476 -6.20895e-05
9.02068 -1.0414 -0.510444 1.37135e-12 -5.04015 8.40025 -0.510476 -6.22202e-05
8.93591 -0.954272 -0.510444 1.4575e-12 -5.04015 8.40026 -0.510476 -6.23569e-05
8.85525 -0.867597 -0.510444 1.46905e-12 -5.04015 8.40026 -0.510476 -6.24997e-05
8.77934 -0.781579 -0.510444 1.52456e-12 -5.04015 8.40026 -0.510476 -6.26485e-05
8.7088 -0.696365 -0.510444 1.58984e-12 -5.04015 8.40026 -0.510476 -6.28033e-05
8.64423 -0.612048 -0.510444 1.4464e-12 -5.04015 8.40026 -0.510476 -6.29638e-05
8.58621 -0.528663 -0.510444 1.40199e-12 -5.04015 8.40026 -0.510476 -6.31299e-05
8.53528 -0.446196 -0.510444 1.34248e-12 -5.04016 8.40026 -0.510476 -6.33011e-05
8.49193 -0.364585 -0.510444 1.35159e-12 -5.04016 8.40026 -0.510476 -6.34768e-05
8.4566 -0.28373 -0.510444 1.36802e-12 -5.04016 8.40026 -0.510476 -6.36565e-05
8.42964 -0.203499 -0.510444 1.37457e-12 -5.04016 8.40026 -0.510476 -6.38393e-05
8.41133 -0.123735 -0.510444 1.39266e-12 -5.04016 8.40026 -0.510476 -6.40246e-05
8.40187 -0.0442622 -0.510443 1.39405e-12 -5.04016 8.40026 -0.510476 -6.42113e-05
8.40135 0.035105 -0.510443 1.39594e-12 -5.04016 8.40026 -0.510476 -6.43985e-05
8.40979 0.114556 -0.510443 1.38989e-12 -5.04016 8.40026 -0.510476 -6.45854e-05
8.42708 0.194278 -0.510443 1.38978e-12 -5.04016 8.40026 -0.510476 -6.47708e-05
8.45306 0.274446 -0.510443 1.37779e-12 -5.04016 8.40026 -0.510476 -6.4954e-05
8.48745 0.355221 -0.510443 1.37557e-12 -5.04016 8.40026 -0.510476 -6.51341e-05
8.52989 0.436739 -0.510443 1.4253e-12 -5.04016 8.40027 -0.510476 -6.53103e-05
8.57997 0.519104 -0.510443 1.4504e-12 -5.04016 8.40027 -0.510476 -6.5482e-05
8.6372 0.602381 -0.510443 1.34959e-12 -5.04016 8.40027 -0.510476 -6.56487e-05
8.70104 0.686592 -0.510443 1.37712e-12 -5.04016 8.40027 -0.510476 -6.58099e-05
8.77093 0.771706 -0.510443 1.40288e-12 -5.04016 8.40027 -0.510476 -6.59654e-05
8.84625 0.857638 -0.510442 1.43929e-12 -5.04016 8.40027 -0.510476 -6.61149e-05
8.92639 0.944246 -0.510442 1.40643e-12 -5.04016 8.40027 -0.510476 -6.62584e-05
9.01072 1.03134 -0.510442 1.39755e-12 -5.04016 8.40027 -0.510476 -6.63957e-05
9.09861 1.11866 -0.510442 1.31095e-12 -5.04016 8.40027 -0.510476 -6.65271e-05
9.18945 1.20594 -0.510442 1.25411e-12 -5.04016 8.40027 -0.510476 -6.66527e-05
9.28261 1.29286 -0.510442 1.29208e-12 -5.04016 8.40027 -0.510476 -6.67725e-05
9.37753 1.37909 -0.510442 1.32228e-12 -5.04016 8.40027 -0.510476 -6.68869e-05
9.47363 1.46431 -0.510442 1.28886e-12 -5.04016 8.40027 -0.510476 -6.69961e-05
9.57037 1.54821 -0.510442 1.30418e-12 -5.04016 8.40027 -0.510476 -6.71003e-05
9.66725 1.63051 -0.510442 1.2958e-12 -5.04016 8.40027 -0.510476 -6.71998e-05
9.76379 1.71097 -0.510442 1.3026e-12 -5.04016 8.40027 -0.510476 -6.7295e-05
9.85953 1.78941 -0.510442 1.30482e-12 -5.04016 8.40027 -0.510476 -6.7386e-05
9.95405 1.86568 -0.510442 1.29813e-12 -5.04016 8.40027 -0.510476 -6.74732e-05
10.047 1.93969 -0.510442 1.30573e-12 -5.04016 8.40027 -0.510476 -6.75568e-05
10.1379 2.01138 -0.510442 1.3457e-12 -5.04016 8.40027 -0.510476 -6.7637e-05
10.2266 2.08076 -0.510442 1.35381e-12 -5.04016 8.40027 -0.510476 -6.77143e-05
10.3126 2.14786 -0.510442 1.31695e-12 -5.04017 8.40028 -0.510476 -6.77886e-05
10.3957 2.21274 -0.510442 1.24745e-12 -5.04017 8.40028 -0.510476 -6.78604e-05
10.4757 2.27547 -0.510442 1.21081e-12 -5.04017 8.40028 -0.510476 -6.79297e-05
10.5523 2.33616 -0.510441 1.2319e-12 -5.04017 8.40028 -0.510476 -6.79969e-05
10.6252 2.39493 -0.510441 1.36424e-12 -5.04017 8.40028 -0.510476 -6.8062e-05
10.6944 2.45189 -0.510441 1.28297e-12 -5.04017 8.40028 -0.510476 -6.81253e-05
10.7595 2.50717 -0.510441 1.31783e-12 -5.04017 8.40028 -0.510476 -6.81869e-05
10.8206 2.56092 -0.510441 1.2379e-12 -5.04017 8.40028 -0.510476 -6.8247e-05
10.8773 2.61324 -0.510441 1.27298e-12 -5.04017 8.40028 -0.510476 -6.83057e-05
10.9296 2.66429 -0.510441 1.22635e-12 -5.04017 8.40028 -0.510476 -6.83632e-05
10.9773 2.71417 -0.510441 1.22058e-12 -5.04017 8.40028 -0.510476 -6.84196e-05
11.0205 2.76302 -0.510441 1.29963e-12 -5.04017 8.40028 -0.510476 -6.8475e-05
11.0589 2.81097 -0.510441 1.34048e-12 -5.04017 8.40028 -0.510476 -6.85296e-05
11.0925 2.85812 -0.510441 1.26743e-12 -5.04017 8.40028 -0.510476 -6.85834e-05
11.1212 2.9046 -0.510441 1.27076e-12 -5.04017 8.40028 -0.510476 -6.86366e-05
11.145 2.95051 -0.510441 1.28075e-12 -5.04017 8.40028 -0.510476 -6.86893e-05
11.1639 2.99598 -0.510441 1.28209e-12 -5.04017 8.40028 -0.510476 -6.87415e-05
11.1777 3.0411 -0.510441 1.26676e-12 -5.04017 8.40028 -0.510476 -6.87935e-05
11.1865 3.08598 -0.510441 1.2722e-12 -5.04017 8.40028 -0.510476 -6.88452e-05
11.1902 3.13074 -0.510441 1.26726e-12 -5.04017 8.40028 -0.510476 -6.88968e-05
11.1889 -3.10772 -0.510441 1.26635e-12 -5.04017 8.40028 -0.510476 -6.89484e-05
11.1826 -3.06291 -0.510441 1.2646e-12 -5.04017 8.40028 -0.510476 -6.9e-05
11.1712 -3.01792 -0.510441 1.27021e-12 -5.04017 8.40028 -0.510476 -6.90518e-05
11.1548 -2.97263 -0.510441 1.2812e-12 -5.04017 8.40028 -0.510476 -6.91039e-05
11.1334 -2.92695 -0.510441 1.3205e-12 -5.04017 8.40028 -0.510476 -6.91564e-05
11.1071 -2.88076 -0.510441 1.3145e-12 -5.04017 8.40028 -0.510476 -6.92093e-05
11.0758 -2.83395 -0.510441 1.31362e-12 -5.04017 8.40028 -0.510476 -6.92628e-05
11.0397 -2.7864 -0.510441 1.29319e-12 -5.04017 8.40028 -0.510476 -6.9317e-05
10.9989 -2.73801 -0.510441 1.32472e-12 -5.04017 8.40028 -0.510476 -6.9372e-05
10.9534 -2.68864 -0.510441 1.28075e-12 -5.04017 8.40028 -0.510476 -6.94279e-05
10.9033 -2.63817 -0.510441 1.31539e-12 -5.04017 8.40028 -0.510476 -6.94848e-05
10.8487 -2.58649 -0.510441 1.25322e-12 -5.04017 8.40028 -0.510476 -6.95429e-05
10.7897 -2.53345 -0.510441 1.26965e-12 -5.04017 8.40028 -0.510476 -6.96024e-05
10.7266 -2.47893 -0.510441 1.34204e-12 -5.04017 8.40028 -0.510476 -6.96632e-05
10.6593 -2.42279 -0.510441 1.26632e-12 -5.04017 8.40028 -0.510476 -6.97257e-05
10.5882 -2.36492 -0.510441 1.30873e-12 -5.04017 8.40029 -0.510476 -6.97899e-05
10.5133 -2.30518 -0.510441 1.32871e-12 -5.04017 8.40029 -0.510476 -6.9856e-05
10.435 -2.24345 -0.51044 1.39733e-12 -5.04017 8.40029 -0.510476 -6.99243e-05
10.3534 -2.17963 -0.51044 1.36291e-12 -5.04017 8.40029 -0.510476 -6.99948e-05
10.2687 -2.11362 -0.51044 1.4031e-12 -5.04017 8.40029 -0.510476 -7.00679e-05
10.1813 -2.04535 -0.51044 1.38578e-12 -5.04017 8.40029 -0.510476 -7.01437e-05
10.0915 -1.97478 -0.51044 1.41454e-12 -5.04017 8.40029 -0.510476 -7.02225e-05
9.99945 -1.9019 -0.51044 1.41842e-12 -5.04017 8.40029 -0.510476 -7.03044e-05
9.90566 -1.82672 -0.51044 1.42281e-12 -5.04017 8.40029 -0.510476 -7.03898e-05
9.81046 -1.74932 -0.51044 1.42368e-12 -5.04017 8.40029 -0.510476 -7.0479e-05
9.71426 -1.66982 -0.51044 1.42408e-12 -5.04017 8.40029 -0.510476 -7.05721e-05
9.61749 -1.58838 -0.51044 1.42975e-12 -5.04017 8.40029 -0.510476 -7.06694e-05
9.52062 -1.50523 -0.51044 1.42841e-12 -5.04017 8.40029 -0.510476 -7.07713e-05
9.42414 -1.42061 -0.51044 1.41509e-12 -5.04017 8.40029 -0.510476 -7.08781e-05
9.32858 -1.33484 -0.51044 1.4424e-12 -5.04017 8.40029 -0.510476 -7.09899e-05
9.2345 -1.24821 -0.51044 1.4353e-12 -5.04017 8.40029 -0.510476 -7.1107e-05
9.14246 -1.16107 -0.51044 1.46461e-12 -5.04017 8.40029 -0.510476 -7.12298e-05
9.05306 -1.07373 -0.51044 1.3789e-12 -5.04018 8.40029 -0.510476 -7.13583e-05
8.96693 -0.986494 -0.51044 1.4353e-12 -5.04018 8.40029 -0.510476 -7.14928e-05
8.88467 -0.899625 -0.51044 1.47393e-12 -5.04018 8.40029 -0.510476 -7.16333e-05
8.80693 -0.813344 -0.51044 1.43974e-12 -5.04018 8.40029 -0.510476 -7.17798e-05
8.73433 -0.72782 -0.510439 1.4162e-12 -5.04018 8.40029 -0.510476 -7.19324e-05
8.66748 -0.643165 -0.510439 1.42464e-12 -5.04018 8.40029 -0.510476 -7.20909e-05
8.60697 -0.559435 -0.510439 1.45395e-12 -5.04018 8.4003 -0.510476 -7.22549e-05
8.55335 -0.476633 -0.510439 1.43152e-12 -5.04018 8.4003 -0.510476 -7.24243e-05
8.50715 -0.394716 -0.510439 1.44773e-12 -5.04018 8.4003 -0.510476 -7.25984e-05
8.4688 -0.313596 -0.510439 1.53677e-12 -5.04018 8.4003 -0.510476 -7.27767e-05
8.4387 -0.233152 -0.510439 1.44218e-12 -5.04018 8.4003 -0.510476 -7.29584e-05
8.41716 -0.153236 -0.510439 1.40932e-12 -5.04018 8.4003 -0.510476 -7.31429e-05
8.4044 -0.0736773 -0.510439 1.44906e-12 -5.04018 8.4003 -0.510476 -7.33292e-05
8.40057 0.00570611 -0.510439 1.4468e-12 -5.04018 8.4003 -0.510476 -7.35163e-05
8.40569 0.0851031 -0.510439 1.4419e-12 -5.04018 8.4003 -0.510476 -7.37034e-05
8.41972 0.164702 -0.510438 1.4273e-12 -5.04018 8.4003 -0.510476 -7.38895e-05
8.44251 0.244685 -0.510438 1.43108e-12 -5.04018 8.4003 -0.510476 -7.40736e-05
8.47382 0.325217 -0.510438 1.43974e-12 -5.04018 8.4003 -0.510476 -7.42549e-05
8.51332 0.406445 -0.510438 1.42153e-12 -5.04018 8.4003 -0.510476 -7.44326e-05
8.56062 0.488485 -0.510438 1.42908e-12 -5.04018 8.4003 -0.510476 -7.46061e-05
8.61526 0.571418 -0.510438 1.38556e-12 -5.04018 8.4003 -0.510476 -7.47747e-05
8.67672 0.655283 -0.510438 1.45794e-12 -5.04018 8.4003 -0.510476 -7.4938e-05
8.74444 0.740068 -0.510438 1.48992e-12 -5.04018 8.4003 -0.510476 -7.50956e-05
8.81782 0.825709 -0.510438 1.50635e-12 -5.04018 8.40031 -0.510476 -7.52473e-05
8.89625 0.912086 -0.510438 1.55831e-12 -5.04018 8.40031 -0.510476 -7.5393e-05
8.9791 0.999022 -0.510438 1.4535e-12 -5.04018 8.40031 -0.510476 -7.55326e-05
9.06574 1.08629 -0.510438 1.4948e-12 -5.04018 8.40031 -0.510476 -7.56662e-05
9.15556 1.17362 -0.510437 1.44418e-12 -5.04018 8.40031 -0.510476 -7.57939e-05
9.24793 1.26071 -0.510437 1.45284e-12 -5.04018 8.40031 -0.510476 -7.59158e-05
9.34226 1.34723 -0.510437 1.45794e-12 -5.04019 8.40031 -0.510476 -7.60322e-05
9.43799 1.43286 -0.510437 1.43285e-12 -5.04019 8.40031 -0.510476 -7.61433e-05
9.53455 1.51728 -0.510437 1.42653e-12 -5.04019 8.40031 -0.510476 -7.62493e-05
9.63144 1.6002 -0.510437 1.41398e-12 -5.04019 8.40031 -0.510476 -7.63505e-05
9.72816 1.68137 -0.510437 1.3958e-12 -5.04019 8.40031 -0.510476 -7.64473e-05
9.82425 1.76058 -0.510437 1.39752e-12 -5.04019 8.40031 -0.510476 -7.65398e-05
9.91927 1.83767 -0.510437 1.39977e-12 -5.04019 8.40031 -0.510476 -7.66284e-05
10.0128 1.91252 -0.510437 1.39821e-12 -5.04019 8.40031 -0.510476 -7.67133e-05
10.1045 1.98507 -0.510437 1.37657e-12 -5.04019 8.40031 -0.510476 -7.67947e-05
10.1941 2.05531 -0.510437 1.34759e-12 -5.04019 8.40031 -0.510476 -7.6873e-05
10.2811 2.12325 -0.510437 1.38489e-12 -5.04019 8.40031 -0.510476 -7.69484e-05
10.3653 2.18894 -0.510437 1.37446e-12 -5.04019 8.40031 -0.510476 -7.70211e-05
10.4465 2.25245 -0.510437 1.36247e-12 -5.04019 8.40031 -0.510476 -7.70914e-05
10.5244 2.31389 -0.510437 1.41909e-12 -5.04019 8.40031 -0.510476 -7.71593e-05
10.5987 2.37335 -0.510437 1.41287e-12 -5.04019 8.40031 -0.510476 -7.72252e-05
10.6693 2.43097 -0.510437 1.36868e-12 -5.04019 8.40031 -0.510476 -7.72891e-05
10.7359 2.48686 -0.510437 1.38001e-12 -5.04019 8.40031 -0.510476 -7.73513e-05
10.7985 2.54116 -0.510437 1.40865e-12 -5.04019 8.40031 -0.510476 -7.7412e-05
10.8569 2.59399 -0.510437 1.4122e-12 -5.04019 8.40031 -0.510476 -7.74712e-05
10.9108 2.6455 -0.510437 1.42553e-12 -5.04019 8.40032 -0.510476 -7.75291e-05
10.9603 2.6958 -0.510437 1.40998e-12 -5.04019 8.40032 -0.510476 -7.75859e-05
11.0051 2.74502 -0.510437 1.47571e-12 -5.04019 8.40032 -0.510476 -7.76416e-05
11.0453 2.79328 -0.510437 1.53122e-12 -5.04019 8.40032 -0.510476 -7.76965e-05
11.0807 2.84071 -0.510437 1.5401e-12 -5.04019 8.40032 -0.510476 -7.77506e-05
11.1112 2.88743 -0.510436 1.53788e-12 -5.04019 8.40032 -0.510476 -7.7804e-05
11.1369 2.93354 -0.510436 1.55476e-12 -5.04019 8.40032 -0.510476 -7.78568e-05
11.1576 2.97916 -0.510436 1.50735e-12 -5.04019 8.40032 -0.510476 -7.79092e-05
11.1733 3.02439 -0.510436 1.51179e-12 -5.04019 8.40032 -0.510476 -7.79613e-05
11.1839 3.06935 -0.510436 1.53333e-12 -5.04019 8.40032 -0.510476 -7.80131e-05
11.1896 3.11414 -0.510436 1.53316e-12 -5.04019 8.40032 -0.510476 -7.80647e-05
11.1901 -3.12432 -0.510436 1.53329e-12 -5.04019 8.40032 -0.510476 -7.81163e-05
11.1857 -3.07955 -0.510436 1.54682e-12 -5.04019 8.40032 -0.510476 -7.81679e-05
11.1761 -3.03464 -0.510436 1.54599e-12 -5.04019 8.40032 -0.510476 -7.82196e-05
11.1616 -2.98948 -0.510436 1.54943e-12 -5.04019 8.40032 -0.510476 -7.82716e-05
11.142 -2.94396 -0.510436 1.58451e-12 -5.04019 8.40032 -0.510476 -7.83239e-05
11.1175 -2.89797 -0.510436 1.59539e-12 -5.04019 8.40032 -0.510476 -7.83767e-05
11.0881 -2.8514 -0.510436 1.64091e-12 -5.04019 8.40032 -0.510476 -7.84299e-05
11.0538 -2.80414 -0.510436 1.59606e-12 -5.04019 8.40032 -0.510476 -7.84838e-05
11.0147 -2.75608 -0.510436 1.63225e-12 -5.04019 8.40032 -0.510476 -7.85385e-05
10.9709 -2.70708 -0.510436 1.5703e-12 -5.04019 8.40032 -0.510476 -7.85941e-05
10.9225 -2.65704 -0.510436 1.65779e-12 -5.04019 8.40032 -0.510476 -7.86506e-05
10.8696 -2.60582 -0.510436 1.61027e-12 -5.04019 8.40032 -0.510476 -7.87083e-05
10.8122 -2.5533 -0.510436 1.60294e-12 -5.04019 8.40032 -0.510476 -7.87672e-05
10.7506 -2.49935 -0.510436 1.68021e-12 -5.04019 8.40032 -0.510476 -7.88275e-05
10.6848 -2.44383 -0.510436 1.57852e-12 -5.04019 8.40032 -0.510476 -7.88893e-05
10.6151 -2.38662 -0.510436 1.55476e-12 -5.04019 8.40032 -0.510476 -7.89528e-05
10.5417 -2.32759 -0.510436 1.57629e-12 -5.04019 8.40032 -0.510476 -7.90182e-05
10.4646 -2.26661 -0.510436 1.53233e-12 -5.04019 8.40032 -0.510476 -7.90857e-05
10.3841 -2.20358 -0.510436 1.5723e-12 -5.04019 8.40032 -0.510476 -7.91554e-05
10.3006 -2.13839 -0.510436 1.59051e-12 -5.04019 8.40032 -0.510476 -7.92275e-05
10.2142 -2.07097 -0.510436 1.55143e-12 -5.04019 8.40032 -0.510476 -7.93023e-05
10.1252 -2.00126 -0.510436 1.57474e-12 -5.04019 8.40032 -0.510476 -7.93799e-05
10.0339 -1.92924 -0.510436 1.58551e-12 -5.04019 8.40032 -0.510476 -7.94606e-05
9.94077 -1.8549 -0.510436 1.56403e-12 -5.0402 8.40033 -0.510476 -7.95447e-05
9.84605 -1.77832 -0.510436 1.56714e-12 -5.0402 8.40033 -0.510476 -7.96324e-05
9.75017 -1.69958 -0.510435 1.56306e-12 -5.0402 8.40033 -0.510476 -7.9724e-05
9.65355 -1.61884 -0.510435 1.57019e-12 -5.0402 8.40033 -0.510476 -7.98197e-05
9.55666 -1.5363 -0.510435 1.57963e-12 -5.0402 8.40033 -0.510476 -7.99199e-05
9.45998 -1.4522 -0.510435 1.59806e-12 -5.0402 8.40033 -0.510476 -8.00248e-05
9.36402 -1.36682 -0.510435 1.57363e-12 -5.0402 8.40033 -0.510476 -8.01347e-05
9.26932 -1.28047 -0.510435 1.58606e-12 -5.0402 8.40033 -0.510476 -8.02499e-05
9.17645 -1.19348 -0.510435 1.54099e-12 -5.0402 8.40033 -0.510476 -8.03705e-05
9.08601 -1.10618 -0.510435 1.51923e-12 -5.0402 8.40033 -0.510476 -8.04969e-05
8.99859 -1.01888 -0.510435 1.54277e-12 -5.0402 8.40033 -0.510476 -8.06291e-05
8.91482 -0.931843 -0.510435 1.49303e-12 -5.0402 8.40033 -0.510476 -8.07673e-05
8.83532 -0.845322 -0.510435 1.5663e-12 -5.0402 8.40033 -0.510476 -8.09116e-05
8.76074 -0.759502 -0.510435 1.52367e-12 -5.0402 8.40033 -0.510476 -8.1062e-05
8.69168 -0.674515 -0.510435 1.4575e-12 -5.0402 8.40033 -0.510476 -8.12183e-05
8.62875 -0.590439 -0.510435 1.44817e-12 -5.0402 8.40033 -0.510476 -8.13803e-05
8.57251 -0.507296 -0.510435 1.54454e-12 -5.0402 8.40033 -0.510476 -8.15477e-05
8.52349 -0.425059 -0.510434 1.51834e-12 -5.0402 8.40033 -0.510476 -8.17201e-05
8.48217 -0.343656 -0.510434 1.52456e-12 -5.0402 8.40033 -0.510476 -8.18969e-05
8.44897 -0.262978 -0.510434 1.48614e-12 -5.0402 8.40033 -0.510476 -8.20775e-05
8.42422 -0.182886 -0.510434 1.44562e-12 -5.0402 8.40034 -0.510476 -8.2261e-05
8.40817 -0.103216 -0.510434 1.42608e-12 -5.0402 8.40034 -0.510476 -8.24467e-05
8.40101 -0.0237902 -0.510434 1.4173e-12 -5.0402 8.40034 -0.510476 -8.26337e-05
8.40281 0.0555787 -0.510434 1.41576e-12 -5.0402 8.40034 -0.510476 -8.28209e-05
8.41354 0.13508 -0.510434 1.42009e-12 -5.0402 8.40034 -0.510476 -8.30074e-05
8.4331 0.214899 -0.510434 1.44484e-12 -5.0402 8.40034 -0.510476 -8.31924e-05
8.46127 0.295207 -0.510434 1.42641e-12 -5.0402 8.40034 -0.510476 -8.33748e-05
8.49777 0.37616 -0.510434 1.45595e-12 -5.0402 8.40034 -0.510476 -8.3554e-05
8.54222 0.457886 -0.510433 1.41909e-12 -5.0402 8.40034 -0.510476 -8.37291e-05
8.5942 0.540479 -0.510433 1.35003e-12 -5.0402 8.40034 -0.510476 -8.38995e-05
8.65318 0.623995 -0.510433 1.4122e-12 -5.0402 8.40034 -0.510476 -8.40648e-05
8.71864 0.708442 -0.510433 1.36824e-12 -5.04021 8.40034 -0.510476 -8.42246e-05
8.78999 0.793774 -0.510433 1.42863e-12 -5.04021 8.40034 -0.510476 -8.43785e-05
8.86661 0.879894 -0.510433 1.53522e-12 -5.04021 8.40034 -0.510476 -8.45265e-05
8.94789 0.966646 -0.510433 1.56986e-12 -5.04021 8.40034 -0.510476 -8.46683e-05
9.0332 1.05382 -0.510433 1.44862e-12 -5.04021 8.40034 -0.510476 -8.48042e-05
9.12191 1.14116 -0.510433 1.46394e-12 -5.04021 8.40034 -0.510476 -8.4934e-05
9.2134 1.22837 -0.510433 1.51235e-12 -5.04021 8.40035 -0.510476 -8.50581e-05
9.30707 1.31514 -0.510433 1.56519e-12 -5.04021 8.40035 -0.510476 -8.51765e-05
9.40235 1.40114 -0.510433 1.5683e-12 -5.04021 8.40035 -0.510476 -8.52895e-05
9.49866 1.48605 -0.510433 1.56852e-12 -5.04021 8.40035 -0.510476 -8.53973e-05
9.59549 1.56956 -0.510433 1.5572e-12 -5.04021 8.40035 -0.510476 -8.55003e-05
9.69233 1.6514 -0.510432 1.5396e-12 -5.04021 8.40035 -0.510476 -8.55987e-05
9.7887 1.73136 -0.510432 1.5609e-12 -5.04021 8.40035 -0.510476 -8.56927e-05
9.88417 1.80925 -0.510432 1.55537e-12 -5.04021 8.40035 -0.510476 -8.57827e-05
9.97832 1.88494 -0.510432 1.55509e-12 -5.04021 8.40035 -0.510476 -8.5869e-05
10.0708 1.95836 -0.510432 1.53244e-12 -5.04021 8.40035 -0.510476 -8.59517e-05
10.1611 2.02945 -0.510432 1.54166e-12 -5.04021 8.40035 -0.510476 -8.60311e-05
10.2491 2.09824 -0.510432 1.52056e-12 -5.04021 8.40035 -0.510476 -8.61076e-05
10.3345 2.16476 -0.510432 1.52833e-12 -5.04021 8.40035 -0.510476 -8.61813e-05
10.4168 2.22907 -0.510432 1.50857e-12 -5.04021 8.40035 -0.510476 -8.62524e-05
10.4959 2.29127 -0.510432 1.48459e-12 -5.04021 8.40035 -0.510476 -8.63211e-05
10.5716 2.35145 -0.510432 1.55409e-12 -5.04021 8.40035 -0.510476 -8.63877e-05
10.6436 2.40974 -0.510432 1.60316e-12 -5.04021 8.40035 -0.510476 -8.64524e-05
10.7117 2.46626 -0.510432 1.65712e-12 -5.04021 8.40035 -0.510476 -8.65152e-05
10.7758 2.52113 -0.510432 1.60982e-12 -5.04021 8.40035 -0.510476 -8.65764e-05
10.8358 2.5745 -0.510432 1.62581e-12 -5.04021 8.40035 -0.510476 -8.66361e-05
10.8914 2.62648 -0.510432 1.6398e-12 -5.04021 8.40035 -0.510476 -8.66945e-05
10.9425 2.67721 -0.510432 1.63847e-12 -5.04021 8.40035 -0.510476 -8.67517e-05
10.9891 2.72682 -0.510432 1.65379e-12 -5.04021 8.40035 -0.510476 -8.68078e-05
11.031 2.77542 -0.510432 1.66955e-12 -5.04021 8.40035 -0.510476 -8.6863e-05
11.0682 2.82315 -0.510432 1.68066e-12 -5.04021 8.40035 -0.510476 -8.69174e-05
11.1006 2.87012 -0.510432 1.66311e-12 -5.04021 8.40035 -0.510476 -8.6971e-05
11.128 2.91644 -0.510432 1.67377e-12 -5.04021 8.40035 -0.510476 -8.70241e-05
11.1506 2.96223 -0.510432 1.74327e-12 -5.04021 8.40035 -0.510476 -8.70766e-05
11.1681 3.00759 -0.510432 1.78202e-12 -5.04021 8.40035 -0.510476 -8.71288e-05
11.1807 3.05264 -0.510432 1.77913e-12 -5.04021 8.40036 -0.510476 -8.71807e-05
11.1882 3.09748 -0.510432 1.7881e-12 -5.04021 8.40036 -0.510476 -8.72323e-05
11.1906 -3.14097 -0.510432 1.7822e-12 -5.04021 8.40036 -0.510476 -8.72839e-05
11.188 -3.09623 -0.510432 1.78502e-12 -5.04021 8.40036 -0.510476 -8.73355e-05
11.1804 -3.05139 -0.510432 1.8015e-12 -5.04021 8.40036 -0.510476 -8.73872e-05
11.1677 -3.00633 -0.510432 1.79301e-12 -5.04021 8.40036 -0.510476 -8.74391e-05
11.15 -2.96096 -0.510432 1.82676e-12 -5.04021 8.40036 -0.510476 -8.74912e-05
11.1273 -2.91515 -0.510432 1.79812e-12 -5.04021 8.40036 -0.510476 -8.75438e-05
11.0997 -2.86882 -0.510431 1.84697e-12 -5.04021 8.40036 -0.510476 -8.75968e-05
11.0672 -2.82183 -0.510431 1.81966e-12 -5.04021 8.40036 -0.510476 -8.76505e-05
11.0299 -2.77408 -0.510431 1.77969e-12 -5.04021 8.40036 -0.510476 -8.77049e-05
10.9879 -2.72545 -0.510431 1.77169e-12 -5.04021 8.40036 -0.510476 -8.77601e-05
10.9412 -2.67581 -0.510431 1.8674e-12 -5.04021 8.40036 -0.510476 -8.78163e-05
10.8899 -2.62505 -0.510431 1.86984e-12 -5.04022 8.40036 -0.510476 -8.78735e-05
10.8342 -2.57303 -0.510431 1.82032e-12 -5.04022 8.40036 -0.510476 -8.79319e-05
10.7741 -2.51962 -0.510431 1.77791e-12 -5.04022 8.40036 -0.510476 -8.79917e-05
10.7099 -2.4647 -0.510431 1.7919e-12 -5.04022 8.40036 -0.510476 -8.80529e-05
10.6417 -2.40814 -0.510431 1.81122e-12 -5.04022 8.40036 -0.510476 -8.81158e-05
10.5696 -2.3498 -0.510431 1.83431e-12 -5.04022 8.40036 -0.510476 -8.81805e-05
10.4938 -2.28956 -0.510431 1.8161e-12 -5.04022 8.40036 -0.510476 -8.82471e-05
10.4146 -2.22731 -0.510431 1.81455e-12 -5.04022 8.40036 -0.510476 -8.8316e-05
10.3322 -2.16294 -0.510431 1.82321e-12 -5.04022 8.40036 -0.510476 -8.83871e-05
10.2468 -2.09636 -0.510431 1.81277e-12 -5.04022 8.40036 -0.510476 -8.84609e-05
10.1587 -2.02751 -0.510431 1.86007e-12 -5.04022 8.40036 -0.510476 -8.85374e-05
10.0683 -1.95635 -0.510431 1.85341e-12 -5.04022 8.40036 -0.510476 -8.8617e-05
9.97578 -1.88287 -0.510431 1.86351e-12 -5.04022 8.40036 -0.510476 -8.86998e-05
9.88159 -1.80712 -0.510431 1.86978e-12 -5.04022 8.40036 -0.510476 -8.87861e-05
9.7861 -1.72917 -0.510431 1.8703e-12 -5.04022 8.40036 -0.510476 -8.88762e-05
9.68971 -1.64916 -0.510431 1.85452e-12 -5.04022 8.40036 -0.510476 -8.89704e-05
9.59286 -1.56726 -0.510431 1.86373e-12 -5.04022 8.40036 -0.510476 -8.90689e-05
9.49605 -1.48371 -0.510431 1.82676e-12 -5.04022 8.40036 -0.510476 -8.9172e-05
9.39975 -1.39877 -0.510431 1.79923e-12 -5.04022 8.40036 -0.510476 -8.928e-05
9.30452 -1.31275 -0.510431 1.79678e-12 -5.04022 8.40037 -0.510476 -8.93931e-05
9.2109 -1.22596 -0.51043 1.8654e-12 -5.04022 8.40037 -0.510476 -8.95117e-05
9.11948 -1.13874 -0.51043 1.91513e-12 -5.04022 8.40037 -0.510476 -8.96359e-05
9.03086 -1.0514 -0.51043 1.92912e-12 -5.04022 8.40037 -0.510476 -8.97659e-05
8.94565 -0.96424 -0.51043 1.98064e-12 -5.04022 8.40037 -0.510476 -8.99019e-05
8.86449 -0.877505 -0.51043 2.02593e-12 -5.04022 8.40037 -0.510476 -9.00439e-05
8.78801 -0.791406 -0.51043 1.9984e-12 -5.04022 8.40037 -0.510476 -9.0192e-05
8.71682 -0.706098 -0.51043 2.00817e-12 -5.04022 8.40037 -0.510476 -9.03461e-05
8.65153 -0.621677 -0.51043 1.95577e-12 -5.04022 8.40037 -0.510476 -9.0506e-05
8.59273 -0.538188 -0.51043 2.02638e-12 -5.04022 8.40037 -0.510476 -9.06715e-05
8.54096 -0.455621 -0.51043 2.0064e-12 -5.04022 8.40037 -0.510476 -9.08421e-05
8.49672 -0.373919 -0.51043 2.0155e-12 -5.04022 8.40037 -0.510476 -9.10173e-05
8.46045 -0.292986 -0.51043 1.98153e-12 -5.04022 8.40037 -0.510476 -9.11965e-05
8.43251 -0.212694 -0.51043 2.04681e-12 -5.04022 8.40037 -0.510476 -9.1379e-05
8.41319 -0.132888 -0.510429 2.01306e-12 -5.04022 8.40037 -0.510476 -9.1564e-05
8.40271 -0.0533936 -0.510429 2.03265e-12 -5.04022 8.40037 -0.510476 -9.17506e-05
8.40116 0.0259733 -0.510429 2.0291e-12 -5.04022 8.40037 -0.510476 -9.19378e-05
8.40857 0.105402 -0.510429 2.04259e-12 -5.04023 8.40038 -0.510476 -9.21247e-05
8.42485 0.185081 -0.510429 2.0377e-12 -5.04023 8.40038 -0.510476 -9.23104e-05
8.44984 0.265186 -0.510429 2.01839e-12 -5.04023 8.40038 -0.510476 -9.24938e-05
8.48327 0.345882 -0.510429 2.07456e-12 -5.04023 8.40038 -0.510476 -9.26743e-05
8.52481 0.427305 -0.510429 2.08633e-12 -5.04023 8.40038 -0.510476 -9.2851e-05
8.57403 0.509565 -0.510429 2.08278e-12 -5.04023 8.40038 -0.510476 -9.30232e-05
8.63046 0.592732 -0.510429 2.12097e-12 -5.04023 8.40038 -0.510476 -9.31905e-05
8.69357 0.676833 -0.510429 2.16271e-12 -5.04023 8.40038 -0.510476 -9.33524e-05
8.76279 0.761843 -0.510428 2.08145e-12 -5.04023 8.40038 -0.510476 -9.35085e-05
8.83752 0.847683 -0.510428 2.13696e-12 -5.04023 8.40038 -0.510476 -9.36587e-05
8.91714 0.934219 -0.510428 2.01084e-12 -5.04023 8.40038 -0.510476 -9.38028e-05
9.00102 1.02126 -0.510428 1.92379e-12 -5.04023 8.40038 -0.510476 -9.39409e-05
9.08853 1.10857 -0.510428 1.93623e-12 -5.04023 8.40038 -0.510476 -9.4073e-05
9.17906 1.19587 -0.510428 2.02549e-12 -5.04023 8.40038 -0.510476 -9.41991e-05
9.27198 1.28284 -0.510428 1.96732e-12 -5.04023 8.40038 -0.510476 -9.43196e-05
9.36673 1.36916 -0.510428 1.96798e-12 -5.04023 8.40038 -0.510476 -9.44346e-05
9.46272 1.45451 -0.510428 1.88671e-12 -5.04023 8.40038 -0.510476 -9.45444e-05
9.55941 1.53857 -0.510428 1.90359e-12 -5.04023 8.40038 -0.510476 -9.46491e-05
9.6563 1.62107 -0.510428 1.8977e-12 -5.04023 8.40038 -0.510476 -9.47492e-05
9.75291 1.70176 -0.510428 1.88444e-12 -5.04023 8.40039 -0.510476 -9.48448e-05
9.84876 1.78043 -0.510428 1.89493e-12 -5.04023 8.40039 -0.510476 -9.49363e-05
9.94345 1.85696 -0.510428 1.9133e-12 -5.04023 8.40039 -0.510476 -9.50239e-05
10.0366 1.93123 -0.510428 1.9087e-12 -5.04023 8.40039 -0.510476 -9.51079e-05
10.1278 2.00319 -0.510428 1.90825e-12 -5.04023 8.40039 -0.510476 -9.51885e-05
10.2167 2.07283 -0.510428 1.87672e-12 -5.04023 8.40039 -0.510476 -9.52661e-05
10.303 2.14019 -0.510428 1.90914e-12 -5.04023 8.40039 -0.510476 -9.53407e-05
10.3865 2.20532 -0.510427 1.96798e-12 -5.04023 8.40039 -0.510476 -9.54128e-05
10.4669 2.26829 -0.510427 1.94489e-12 -5.04023 8.40039 -0.510476 -9.54824e-05
10.5438 2.32921 -0.510427 1.98019e-12 -5.04023 8.40039 -0.510476 -9.55498e-05
10.6172 2.38819 -0.510427 2.00928e-12 -5.04023 8.40039 -0.510476 -9.56151e-05
10.6868 2.44535 -0.510427 2.03015e-12 -5.04023 8.40039 -0.510476 -9.56786e-05
10.7525 2.50083 -0.510427 1.9833e-12 -5.04023 8.40039 -0.510476 -9.57404e-05
10.814 2.55474 -0.510427 2.03437e-12 -5.04023 8.40039 -0.510476 -9.58007e-05
10.8712 2.60722 -0.510427 2.06657e-12 -5.04023 8.40039 -0.510476 -9.58595e-05
10.924 2.6584 -0.510427 2.15206e-12 -5.04023 8.40039 -0.510476 -9.59171e-05
10.9723 2.70842 -0.510427 2.15117e-12 -5.04023 8.40039 -0.510476 -9.59737e-05
11.016 2.75738 -0.510427 2.10454e-12 -5.04023 8.40039 -0.510476 -9.60292e-05
11.055 2.80542 -0.510427 2.13873e-12 -5.04023 8.40039 -0.510476 -9.60838e-05
11.0891 2.85266 -0.510427 2.14029e-12 -5.04023 8.40039 -0.510476 -9.61377e-05
11.1184 2.89921 -0.510427 2.10587e-12 -5.04023 8.40039 -0.510476 -9.6191e-05
11.1428 2.94518 -0.510427 2.13207e-12 -5.04024 8.40039 -0.510476 -9.62437e-05
11.1623 2.99069 -0.510427 2.18769e-12 -5.04024 8.40039 -0.510476 -9.6296e-05
11.1767 3.03584 -0.510427 2.19613e-12 -5.04024 8.40039 -0.510476 -9.6348e-05
11.1861 3.08075 -0.510427 2.1893e-12 -5.04024 8.40039 -0.510476 -9.63997e-05
11.1904 3.12551 -0.510427 2.18879e-12 -5.04024 8.40039 -0.510476 -9.64513e-05
11.1897 -3.11295 -0.510427 2.18997e-12 -5.04024 8.40039 -0.510476 -9.65029e-05
11.1839 -3.06816 -0.510427 2.20557e-12 -5.04024 8.40039 -0.510476 -9.65545e-05
11.1731 -3.0232 -0.510427 2.2069e-12 -5.04024 8.40039 -0.510476 -9.66063e-05
11.1573 -2.97795 -0.510427 2.19691e-12 -5.04024 8.40039 -0.510476 -9.66583e-05
11.1365 -2.93232 -0.510427 2.19091e-12 -5.04024 8.40039 -0.510476 -9.67107e-05
11.1107 -2.8862 -0.510427 2.16249e-12 -5.04024 8.40039 -0.510476 -9.67636e-05
11.0801 -2.83947 -0.510427 2.20246e-12 -5.04024 8.40039 -0.510476 -9.6817e-05
11.0445 -2.79202 -0.510427 2.24798e-12 -5.04024 8.4004 -0.510476 -9.68711e-05
11.0043 -2.74373 -0.510427 2.21512e-12 -5.04024 8.4004 -0.510476 -9.6926e-05
10.9593 -2.69449 -0.510427 2.21489e-12 -5.04024 8.4004 -0.510476 -9.69818e-05
10.9097 -2.64416 -0.510427 2.21734e-12 -5.04024 8.4004 -0.510476 -9.70386e-05
10.8556 -2.59262 -0.510427 2.33635e-12 -5.04024 8.4004 -0.510476 -9.70965e-05
10.7972 -2.53975 -0.510427 2.42029e-12 -5.04024 8.4004 -0.510476 -9.71558e-05
10.7345 -2.48542 -0.510427 2.44493e-12 -5.04024 8.4004 -0.510476 -9.72164e-05
10.6677 -2.42948 -0.510427 2.39742e-12 -5.04024 8.4004 -0.510476 -9.72787e-05
10.5971 -2.37182 -0.510426 2.41429e-12 -5.04024 8.4004 -0.510476 -9.73427e-05
10.5226 -2.31231 -0.510426 2.5342e-12 -5.04024 8.4004 -0.510476 -9.74086e-05
10.4447 -2.25082 -0.510426 2.52576e-12 -5.04024 8.4004 -0.510476 -9.74766e-05
10.3634 -2.18726 -0.510426 2.56062e-12 -5.04024 8.4004 -0.510476 -9.75468e-05
10.2791 -2.12151 -0.510426 2.58638e-12 -5.04024 8.4004 -0.510476 -9.76196e-05
10.192 -2.05352 -0.510426 2.53997e-12 -5.04024 8.4004 -0.510476 -9.76951e-05
10.1024 -1.98323 -0.510426 2.49067e-12 -5.04024 8.4004 -0.510476 -9.77735e-05
10.0107 -1.91061 -0.510426 2.53386e-12 -5.04024 8.4004 -0.510476 -9.7855e-05
9.91708 -1.83571 -0.510426 2.56106e-12 -5.04024 8.4004 -0.510476 -9.794e-05
9.82202 -1.75857 -0.510426 2.54576e-12 -5.04024 8.4004 -0.510476 -9.80286e-05
9.72592 -1.67931 -0.510426 2.55046e-12 -5.04024 8.4004 -0.510476 -9.81213e-05
9.62919 -1.5981 -0.510426 2.55929e-12 -5.04024 8.4004 -0.510476 -9.82181e-05
9.5323 -1.51513 -0.510426 2.59448e-12 -5.04024 8.4004 -0.510476 -9.83194e-05
9.43575 -1.43068 -0.510426 2.58149e-12 -5.04024 8.4004 -0.510476 -9.84256e-05
9.34006 -1.34503 -0.510426 2.52665e-12 -5.04024 8.4004 -0.510476 -9.85368e-05
9.24577 -1.25849 -0.510426 2.56661e-12 -5.04024 8.4004 -0.510476 -9.86533e-05
9.15346 -1.1714 -0.510426 2.50355e-12 -5.04024 8.4004 -0.510476 -9.87753e-05
9.06372 -1.08407 -0.510426 2.54463e-12 -5.04024 8.4004 -0.510476 -9.89031e-05
8.97716 -0.996807 -0.510426 2.55174e-12 -5.04024 8.4004 -0.510476 -9.90369e-05
8.89441 -0.909885 -0.510426 2.62146e-12 -5.04024 8.40041 -0.510476 -9.91766e-05
8.81611 -0.823528 -0.510425 2.51932e-12 -5.04024 8.40041 -0.510476 -9.93225e-05
8.74286 -0.737911 -0.510425 2.50022e-12 -5.04024 8.40041 -0.510476 -9.94743e-05
8.6753 -0.653151 -0.510425 2.57883e-12 -5.04024 8.40041 -0.510476 -9.96321e-05
8.614 -0.569313 -0.510425 2.57439e-12 -5.04024 8.40041 -0.510476 -9.97955e-05
8.55954 -0.486406 -0.510425 2.57039e-12 -5.04024 8.40041 -0.510476 -9.99642e-05
8.51243 -0.404391 -0.510425 2.68408e-12 -5.04025 8.40041 -0.510476 -0.000100138
