-8.24525 -5.94182 -3.56509 0.656769 -0.545478 -0.327287
-8.20132 -5.97808 -3.58685 0.66116 -0.542295 -0.325377
-8.15709 -6.01413 -3.60848 0.665536 -0.539087 -0.323452
-8.11258 -6.04996 -3.62998 0.669896 -0.535854 -0.321512
-8.06778 -6.08557 -3.65134 0.67424 -0.532596 -0.319558
-8.02268 -6.12097 -3.67258 0.678567 -0.529313 -0.317588
-7.9773 -6.15615 -3.69369 0.682878 -0.526006 -0.315603
-7.93163 -6.1911 -3.71466 0.687172 -0.522673 -0.313604
-7.88568 -6.22584 -3.7355 0.691449 -0.519316 -0.311589
-7.83944 -6.26035 -3.75621 0.695709 -0.515933 -0.30956
-7.79292 -6.29463 -3.77678 0.699952 -0.512526 -0.307515
-7.74611 -6.32868 -3.79721 0.704177 -0.509093 -0.305456
-7.69903 -6.36251 -3.8175 0.708384 -0.505636 -0.303382
-7.65166 -6.3961 -3.83766 0.712574 -0.502154 -0.301292
-7.60402 -6.42946 -3.85768 0.716745 -0.498647 -0.299188
-7.5561 -6.46259 -3.87755 0.720899 -0.495115 -0.297069
-7.5079 -6.49548 -3.89729 0.725034 -0.491558 -0.294935
-7.45942 -6.52813 -3.91688 0.72915 -0.487976 -0.292785
-7.41068 -6.56054 -3.93632 0.733248 -0.484369 -0.290621
-7.36166 -6.59271 -3.95563 0.737327 -0.480737 -0.288442
-7.31237 -6.62464 -3.97478 0.741387 -0.477081 -0.286248
-7.26281 -6.65632 -3.99379 0.745427 -0.473399 -0.284039
-7.21298 -6.68776 -4.01265 0.749448 -0.469693 -0.281816
-7.16288 -6.71894 -4.03137 0.753449 -0.465961 -0.279577
-7.11252 -6.74988 -4.04993 0.75743 -0.462205 -0.277323
-7.06189 -6.78057 -4.06834 0.761391 -0.458424 -0.275054
-7.011 -6.81101 -4.0866 0.765331 -0.454618 -0.272771
-6.95985 -6.84119 -4.10471 0.769252 -0.450787 -0.270472
-6.90843 -6.87111 -4.12267 0.773151 -0.446932 -0.268159
-6.85676 -6.90078 -4.14047 0.77703 -0.443051 -0.265831
-6.80483 -6.93018 -4.15811 0.780887 -0.439146 -0.263488
-6.75264 -6.95933 -4.1756 0.784723 -0.435216 -0.26113
-6.7002 -6.98821 -4.19293 0.788538 -0.431261 -0.258757
-6.64751 -7.01683 -4.2101 0.79233 -0.427282 -0.256369
-6.59456 -7.04518 -4.22711 0.796101 -0.423277 -0.253966
-6.54136 -7.07327 -4.24396 0.79985 -0.419248 -0.251549
-6.48791 -7.10108 -4.26065 0.803576 -0.415195 -0.249117
-6.43422 -7.12862 -4.27717 0.80728 -0.411116 -0.24667
-6.38027 -7.1559 -4.29354 0.810961 -0.407013 -0.244208
-6.32609 -7.18289 -4.30974 0.814618 -0.402885 -0.241731
-6.27166 -7.20961 -4.32577 0.818253 -0.398733 -0.23924
-6.21699 -7.23606 -4.34163 0.821864 -0.394556 -0.236733
-6.16208 -7.26222 -4.35733 0.825452 -0.390354 -0.234212
-6.10693 -7.2881 -4.37286 0.829015 -0.386128 -0.231677
-6.05154 -7.3137 -4.38822 0.832555 -0.381877 -0.229126
-5.99592 -7.33902 -4.40341 0.83607 -0.377602 -0.226561
-5.94007 -7.36405 -4.41843 0.83956 -0.373302 -0.223981
-5.88398 -7.38879 -4.43328 0.843026 -0.368978 -0.221387
-5.82766 -7.41325 -4.44795 0.846467 -0.36463 -0.218778
-5.77112 -7.43741 -4.46245 0.849882 -0.360257 -0.216154
-5.71435 -7.46128 -4.47677 0.853272 -0.35586 -0.213516
-5.65735 -7.48486 -4.49091 0.856636 -0.351438 -0.210863
-5.60013 -7.50814 -4.50488 0.859974 -0.346992 -0.208195
-5.54269 -7.53112 -4.51867 0.863286 -0.342522 -0.205513
-5.48503 -7.55381 -4.53228 0.866572 -0.338028 -0.202817
-5.42715 -7.57619 -4.54572 0.86983 -0.333509 -0.200106
-5.36905 -7.59827 -4.55896 0.873062 -0.328967 -0.19738
-5.31074 -7.62005 -4.57203 0.876267 -0.3244 -0.19464
-5.25221 -7.64153 -4.58492 0.879444 -0.319809 -0.191886
-5.19348 -7.66269 -4.59762 0.882594 -0.315195 -0.189117
-5.13453 -7.68355 -4.61013 0.885716 -0.310556 -0.186334
-5.07538 -7.7041 -4.62246 0.888809 -0.305893 -0.183536
-5.01603 -7.72434 -4.6346 0.891875 -0.301207 -0.180724
-4.95647 -7.74426 -4.64656 0.894911 -0.296497 -0.177898
-4.89671 -7.76387 -4.65832 0.897919 -0.291763 -0.175058
-4.83675 -7.78316 -4.6699 0.900898 -0.287005 -0.172203
-4.77659 -7.80214 -4.68128 0.903847 -0.282224 -0.169335
-4.71623 -7.82079 -4.69248 0.906766 -0.27742 -0.166452
-4.65569 -7.83913 -4.70348 0.909656 -0.272591 -0.163555
-4.59495 -7.85714 -4.71428 0.912515 -0.26774 -0.160644
-4.53402 -7.87482 -4.72489 0.915344 -0.262865 -0.157719
-4.4729 -7.89219 -4.73531 0.918142 -0.257966 -0.15478
-4.4116 -7.90922 -4.74553 0.920909 -0.253045 -0.151827
-4.35011 -7.92592 -4.75555 0.923645 -0.2481 -0.14886
-4.28845 -7.9423 -4.76538 0.92635 -0.243132 -0.145879
-4.2266 -7.95834 -4.775 0.929022 -0.238141 -0.142885
-4.16458 -7.97405 -4.78443 0.931663 -0.233127 -0.139876
-4.10238 -7.98942 -4.79365 0.934272 -0.22809 -0.136854
-4.04001 -8.00446 -4.80268 0.936847 -0.223031 -0.133818
-3.97747 -8.01916 -4.8115 0.93939 -0.217948 -0.130769
-3.91476 -8.03352 -4.82011 0.9419 -0.212843 -0.127706
-3.85188 -8.04754 -4.82852 0.944376 -0.207716 -0.12463
-3.78884 -8.06122 -4.83673 0.946819 -0.202566 -0.12154
-3.72564 -8.07455 -4.84473 0.949228 -0.197394 -0.118436
-3.66228 -8.08753 -4.85252 0.951603 -0.192199 -0.115319
-3.59876 -8.10017 -4.8601 0.953943 -0.186982 -0.112189
-3.53509 -8.11247 -4.86748 0.956248 -0.181743 -0.109046
-3.47126 -8.12441 -4.87464 0.958518 -0.176482 -0.105889
-3.40729 -8.136 -4.8816 0.960753 -0.171199 -0.10272
-3.34316 -8.14723 -4.88834 0.962952 -0.165895 -0.0995369
-3.27889 -8.15811 -4.89487 0.965115 -0.160569 -0.0963412
-3.21448 -8.16864 -4.90118 0.967242 -0.155221 -0.0931324
-3.14993 -8.17881 -4.90729 0.969332 -0.149851 -0.0899108
-3.08524 -8.18862 -4.91317 0.971386 -0.144461 -0.0866764
-3.02041 -8.19807 -4.91884 0.973402 -0.139049 -0.0834293
-2.95545 -8.20716 -4.9243 0.975381 -0.133616 -0.0801694
-2.89036 -8.21589 -4.92953 0.977323 -0.128162 -0.076897
-2.82514 -8.22425 -4.93455 0.979226 -0.122687 -0.073612
-2.7598 -8.23224 -4.93935 0.981091 -0.117191 -0.0703146
-2.69433 -8.23987 -4.94392 0.982918 -0.111675 -0.0670048
-2.62874 -8.24713 -4.94828 0.984705 -0.106138 -0.0636827
-2.56304 -8.25402 -4.95241 0.986454 -0.100581 -0.0603484
-2.49722 -8.26054 -4.95633 0.988163 -0.0950032 -0.0570019
-2.43128 -8.26669 -4.96001 0.989832 -0.0894057 -0.0536434
-2.36524 -8.27246 -4.96348 0.991461 -0.0837883 -0.050273
-2.29909 -8.27786 -4.96672 0.99305 -0.0781511 -0.0468906
-2.23283 -8.28288 -4.96973 0.994598 -0.0724942 -0.0434965
-2.16648 -8.28753 -4.97252 0.996105 -0.0668178 -0.0400907
-2.10002 -8.29179 -4.97508 0.99757 -0.0611221 -0.0366732
-2.03347 -8.29568 -4.97741 0.998995 -0.0554072 -0.0332443
-1.96682 -8.29918 -4.97951 1.00038 -0.0496732 -0.0298039
-1.90009 -8.3023 -4.98138 1.00172 -0.0439204 -0.0263523
-1.83326 -8.30504 -4.98302 1.00301 -0.038149 -0.0228894
-1.76635 -8.30739 -4.98443 1.00427 -0.032359 -0.0194154
-1.69936 -8.30935 -4.98561 1.00548 -0.0265506 -0.0159304
-1.63229 -8.31093 -4.98656 1.00665 -0.0207241 -0.0124344
-1.56514 -8.31211 -4.98727 1.00777 -0.0148796 -0.00892773
-1.49792 -8.31291 -4.98775 1.00885 -0.00901723 -0.00541034
-1.43063 -8.31331 -4.98799 1.00989 -0.00313728 -0.00188237
-1.36327 -8.31333 -4.988 1.01088 0.0027601 0.00165606
-1.29585 -8.31295 -4.98777 1.01182 0.00867471 0.00520483
-1.22836 -8.31217 -4.9873 1.01273 0.0146064 0.00876382
-1.16082 -8.311 -4.9866 1.01358 0.0205549 0.0123329
-1.09322 -8.30943 -4.98566 1.01439 0.02652 0.015912
-1.02557 -8.30746 -4.98448 1.01515 0.0325015 0.0195009
-0.957864 -8.3051 -4.98306 1.01587 0.0384993 0.0230996
-0.890117 -8.30233 -4.9814 1.01654 0.044513 0.0267078
-0.822327 -8.29916 -4.9795 1.01716 0.0505426 0.0303256
-0.754497 -8.29559 -4.97735 1.01773 0.0565877 0.0339526
-0.68663 -8.29161 -4.97497 1.01826 0.0626481 0.0375889
-0.61873 -8.28724 -4.97234 1.01874 0.0687236 0.0412342
-0.550799 -8.28245 -4.96947 1.01917 0.074814 0.0448884
-0.482842 -8.27726 -4.96636 1.01955 0.080919 0.0485514
-0.41486 -8.27166 -4.963 1.01988 0.0870384 0.052223
-0.346859 -8.26565 -4.95939 1.02016 0.0931719 0.0559031
-0.27884 -8.25924 -4.95554 1.0204 0.0993193 0.0595916
-0.210807 -8.25241 -4.95145 1.02058 0.10548 0.0632882
-0.142763 -8.24517 -4.9471 1.02071 0.111655 0.0669928
-0.0747129 -8.23752 -4.94251 1.02079 0.117842 0.0707053
-0.00665869 -8.22946 -4.93768 1.02082 0.124042 0.0744255
0.0613959 -8.22098 -4.93259 1.0208 0.130255 0.0781532
0.129447 -8.21209 -4.92726 1.02073 0.136481 0.0818883
0.197492 -8.20279 -4.92167 1.02061 0.142718 0.0856306
0.265527 -8.19306 -4.91584 1.02043 0.148967 0.08938
0.333549 -8.18292 -4.90975 1.0202 0.155227 0.0931362
0.401553 -8.17237 -4.90342 1.01992 0.161498 0.0968991
0.469537 -8.16139 -4.89683 1.01958 0.167781 0.100668
0.537496 -8.15 -4.89 1.0192 0.174074 0.104444
0.605428 -8.13818 -4.88291 1.01875 0.180377 0.108226
0.673329 -8.12595 -4.87557 1.01826 0.18669 0.112014
0.741195 -8.11329 -4.86797 1.01771 0.193012 0.115807
0.809022 -8.10021 -4.86013 1.0171 0.199344 0.119607
0.876807 -8.08671 -4.85203 1.01644 0.205685 0.123411
0.944546 -8.07279 -4.84367 1.01572 0.212035 0.127221
1.01224 -8.05844 -4.83506 1.01495 0.218393 0.131036
1.07987 -8.04367 -4.8262 1.01413 0.224758 0.134855
1.14745 -8.02847 -4.81708 1.01324 0.231132 0.138679
1.21497 -8.01285 -4.80771 1.0123 0.237513 0.142508
1.28242 -7.9968 -4.79808 1.01131 0.2439 0.14634
1.34981 -7.98033 -4.7882 1.01025 0.250294 0.150177
1.41712 -7.96343 -4.77806 1.00914 0.256695 0.154017
1.48436 -7.9461 -4.76766 1.00797 0.263101 0.15786
1.55152 -7.92835 -4.75701 1.00675 0.269512 0.161707
1.61859 -7.91017 -4.7461 1.00546 0.275929 0.165557
1.68558 -7.89156 -4.73493 1.00412 0.282351 0.16941
1.75247 -7.87252 -4.72351 1.00272 0.288776 0.173266
1.81927 -7.85305 -4.71183 1.00126 0.295206 0.177124
1.88597 -7.83316 -4.6999 0.99974 0.301639 0.180983
1.95257 -7.81284 -4.6877 0.998161 0.308075 0.184845
2.01906 -7.79208 -4.67525 0.996522 0.314514 0.188709
2.08544 -7.7709 -4.66254 0.994823 0.320956 0.192573
2.1517 -7.74929 -4.64957 0.993064 0.327399 0.196439
2.21785 -7.72725 -4.63635 0.991245 0.333844 0.200306
2.28387 -7.70478 -4.62287 0.989364 0.340289 0.204174
2.34976 -7.68188 -4.60913 0.987423 0.346736 0.208041
2.41552 -7.65854 -4.59513 0.98542 0.353182 0.211909
2.48115 -7.63478 -4.58087 0.983356 0.359628 0.215777
2.54664 -7.61059 -4.56636 0.981231 0.366074 0.219644
2.61198 -7.58597 -4.55158 0.979043 0.372518 0.223511
2.67717 -7.56092 -4.53655 0.976793 0.378961 0.227377
2.74222 -7.53545 -4.52127 0.974481 0.385402 0.231241
2.8071 -7.50954 -4.50572 0.972106 0.39184 0.235104
2.87183 -7.4832 -4.48992 0.969669 0.398275 0.238965
2.93639 -7.45643 -4.47386 0.967168 0.404706 0.242824
3.00078 -7.42924 -4.45754 0.964605 0.411134 0.24668
3.065 -7.40162 -4.44097 0.961978 0.417557 0.250534
3.12905 -7.37357 -4.42414 0.959287 0.423976 0.254385
3.19291 -7.34509 -4.40705 0.956533 0.430388 0.258233
3.25658 -7.31618 -4.38971 0.953714 0.436795 0.262077
3.32007 -7.28685 -4.37211 0.950832 0.443196 0.265917
3.38336 -7.25709 -4.35425 0.947885 0.449589 0.269754
3.44645 -7.2269 -4.33614 0.944874 0.455975 0.273585
3.50934 -7.19629 -4.31778 0.941798 0.462353 0.277412
3.57202 -7.16526 -4.29915 0.938657 0.468723 0.281234
3.63449 -7.1338 -4.28028 0.935451 0.475083 0.28505
3.69675 -7.10191 -4.26115 0.932181 0.481434 0.28886
3.75878 -7.0696 -4.24176 0.928845 0.487775 0.292665
3.82059 -7.03688 -4.22213 0.925444 0.494105 0.296463
3.88217 -7.00372 -4.20223 0.921977 0.500424 0.300254
3.94352 -6.97015 -4.18209 0.918445 0.506731 0.304039
4.00463 -6.93616 -4.1617 0.914847 0.513026 0.307816
4.0655 -6.90175 -4.14105 0.911183 0.519308 0.311585
4.12612 -6.86692 -4.12015 0.907454 0.525577 0.315346
4.18649 -6.83167 -4.099 0.903658 0.531832 0.319099
4.24661 -6.79601 -4.07761 0.899797 0.538072 0.322843
4.30646 -6.75993 -4.05596 0.895869 0.544297 0.326578
4.36606 -6.72344 -4.03406 0.891875 0.550506 0.330304
4.42538 -6.68653 -4.01192 0.887815 0.556699 0.334019
4.48443 -6.64921 -3.98953 0.883689 0.562875 0.337725
4.5432 -6.61148 -3.96689 0.879496 0.569034 0.34142
4.60169 -6.57334 -3.944 0.875237 0.575174 0.345105
4.6599 -6.53479 -3.92087 0.870911 0.581296 0.348778
4.71781 -6.49583 -3.8975 0.86652 0.587399 0.352439
4.77543 -6.45647 -3.87388 0.862061 0.593482 0.356089
4.83275 -6.4167 -3.85002 0.857537 0.599544 0.359726
4.88977 -6.37653 -3.82592 0.852946 0.605585 0.363351
4.94648 -6.33596 -3.80158 0.848288 0.611604 0.366963
5.00287 -6.29498 -3.77699 0.843564 0.617601 0.370561
5.05895 -6.25361 -3.75217 0.838774 0.623575 0.374145
5.11471 -6.21184 -3.72711 0.833917 0.629526 0.377716
5.17014 -6.16968 -3.70181 0.828995 0.635452 0.381271
5.22524 -6.12712 -3.67627 0.824006 0.641354 0.384812
5.28001 -6.08416 -3.6505 0.818951 0.64723 0.388338
5.33443 -6.04082 -3.62449 0.81383 0.653079 0.391848
5.38852 -5.99709 -3.59825 0.808643 0.658902 0.395341
5.44225 -5.95297 -3.57178 0.80339 0.664698 0.398819
5.49563 -5.90846 -3.54508 0.798071 0.670466 0.402279
5.54866 -5.86357 -3.51814 0.792687 0.676205 0.405723
5.60132 -5.8183 -3.49098 0.787237 0.681914 0.409149
5.65362 -5.77265 -3.46359 0.781722 0.687594 0.412556
5.70555 -5.72662 -3.43597 0.776142 0.693243 0.415946
5.75711 -5.68022 -3.40813 0.770497 0.698861 0.419316
5.80828 -5.63344 -3.38006 0.764787 0.704446 0.422668
5.85908 -5.58629 -3.35178 0.759012 0.709999 0.426
5.90948 -5.53877 -3.32326 0.753173 0.715519 0.429312
5.9595 -5.49089 -3.29453 0.74727 0.721005 0.432603
6.00912 -5.44264 -3.26558 0.741302 0.726457 0.435874
6.05834 -5.39403 -3.23642 0.735271 0.731873 0.439124
6.10715 -5.34506 -3.20704 0.729176 0.737253 0.442352
6.15556 -5.29573 -3.17744 0.723017 0.742597 0.445558
6.20355 -5.24605 -3.14763 0.716796 0.747904 0.448742
6.25113 -5.19601 -3.11761 0.710512 0.753172 0.451903
6.29829 -5.14562 -3.08737 0.704165 0.758403 0.455042
6.34502 -5.09489 -3.05693 0.697756 0.763594 0.458156
6.39132 -5.04381 -3.02629 0.691285 0.768745 0.461247
6.43719 -4.99239 -2.99544 0.684752 0.773855 0.464313
6.48262 -4.94063 -2.96438 0.678159 0.778925 0.467355
6.52761 -4.88854 -2.93312 0.671504 0.783952 0.470371
6.57215 -4.83611 -2.90166 0.664789 0.788938 0.473363
6.61624 -4.78335 -2.87001 0.658013 0.79388 0.476328
6.65988 -4.73026 -2.83815 0.651177 0.798778 0.479267
6.70307 -4.67684 -2.80611 0.644282 0.803632 0.482179
6.74579 -4.62311 -2.77386 0.637328 0.80844 0.485064
6.78804 -4.56905 -2.74143 0.630316 0.813203 0.487922
6.82983 -4.51468 -2.70881 0.623245 0.81792 0.490752
6.87114 -4.46 -2.676 0.616116 0.82259 0.493554
6.91198 -4.405 -2.643 0.60893 0.827211 0.496327
6.95233 -4.3497 -2.60982 0.601687 0.831785 0.499071
6.9922 -4.2941 -2.57646 0.594388 0.83631 0.501786
7.03158 -4.2382 -2.54292 0.587032 0.840785 0.504471
7.07047 -4.182 -2.5092 0.579621 0.84521 0.507126
7.10886 -4.1255 -2.4753 0.572156 0.849584 0.50975
7.14676 -4.06872 -2.44123 0.564635 0.853907 0.512344
7.18415 -4.01165 -2.40699 0.557061 0.858177 0.514906
7.22103 -3.9543 -2.37258 0.549434 0.862395 0.517437
7.2574 -3.89667 -2.338 0.541754 0.86656 0.519936
7.29326 -3.83876 -2.30325 0.534021 0.87067 0.522402
7.3286 -3.78058 -2.26835 0.526237 0.874727 0.524836
7.36343 -3.72213 -2.23328 0.518402 0.878728 0.527237
7.39772 -3.66341 -2.19805 0.510516 0.882673 0.529604
7.43149 -3.60444 -2.16266 0.502581 0.886563 0.531938
7.46473 -3.54521 -2.12712 0.494596 0.890395 0.534237
7.49744 -3.48572 -2.09143 0.486562 0.89417 0.536502
7.52961 -3.42599 -2.05559 0.478481 0.897887 0.538732
7.56124 -3.366 -2.0196 0.470352 0.901545 0.540927
7.59232 -3.30578 -1.98347 0.462177 0.905145 0.543087
7.62286 -3.24532 -1.94719 0.453956 0.908684 0.545211
7.65285 -3.18462 -1.91077 0.44569 0.912164 0.547298
7.68228 -3.1237 -1.87422 0.437379 0.915583 0.54935
7.71116 -3.06255 -1.83753 0.429024 0.91894 0.551364
7.73948 -3.00118 -1.80071 0.420626 0.922236 0.553342
7.76725 -2.93958 -1.76375 0.412186 0.92547 0.555282
7.79444 -2.87778 -1.72667 0.403704 0.928641 0.557184
7.82107 -2.81577 -1.68946 0.395181 0.931748 0.559049
7.84713 -2.75355 -1.65213 0.386618 0.934792 0.560875
7.87262 -2.69113 -1.61468 0.378016 0.937771 0.562663
7.89753 -2.62851 -1.57711 0.369375 0.940686 0.564412
7.92187 -2.56571 -1.53942 0.360696 0.943536 0.566121
7.94563 -2.50271 -1.50163 0.351981 0.946319 0.567792
7.9688 -2.43953 -1.46372 0.343229 0.949037 0.569422
7.99139 -2.37617 -1.4257 0.334442 0.951689 0.571013
8.01339 -2.31264 -1.38758 0.32562 0.954273 0.572564
8.0348 -2.24894 -1.34936 0.316765 0.95679 0.574074
8.05563 -2.18507 -1.31104 0.307878 0.959239 0.575544
8.07585 -2.12104 -1.27263 0.298958 0.96162 0.576972
8.09549 -2.05686 -1.23411 0.290007 0.963933 0.57836
8.11452 -1.99252 -1.19551 0.281026 0.966176 0.579706
8.13296 -1.92803 -1.15682 0.272015 0.96835 0.58101
8.15079 -1.86341 -1.11804 0.262977 0.970455 0.582273
8.16802 -1.79864 -1.07919 0.25391 0.972489 0.583494
8.18464 -1.73374 -1.04025 0.244818 0.974454 0.584672
8.20066 -1.66872 -1.00123 0.235699 0.976347 0.585808
8.21607 -1.60357 -0.962139 0.226556 0.97817 0.586902
8.23087 -1.53829 -0.922977 0.217389 0.979921 0.587953
8.24505 -1.47291 -0.883746 0.208198 0.9816 0.58896
8.25863 -1.40742 -0.84445 0.198986 0.983208 0.589925
8.27158 -1.34182 -0.805091 0.189753 0.984744 0.590846
8.28393 -1.27612 -0.765671 0.1805 0.986207 0.591724
8.29565 -1.21032 -0.726195 0.171228 0.987598 0.592559
8.30676 -1.14444 -0.686664 0.161938 0.988915 0.593349
8.31724 -1.07847 -0.647083 0.15263 0.99016 0.594096
8.32711 -1.01242 -0.607453 0.143306 0.991331 0.594799
8.33635 -0.946295 -0.567777 0.133967 0.992429 0.595457
8.34497 -0.880099 -0.528059 0.124614 0.993453 0.596072
8.35296 -0.813836 -0.488302 0.115247 0.994403 0.596642
8.36033 -0.747513 -0.448508 0.105869 0.995279 0.597168
8.36708 -0.681134 -0.40868 0.0964786 0.996081 0.597649
8.3732 -0.614704 -0.368822 0.0870782 0.996809 0.598085
8.37869 -0.548228 -0.328937 0.0776685 0.997462 0.598477
8.38355 -0.481711 -0.289026 0.0682505 0.998041 0.598824
8.38779 -0.415157 -0.249094 0.0588252 0.998545 0.599127
8.3914 -0.348573 -0.209144 0.0493936 0.998974 0.599384
8.39438 -0.281962 -0.169177 0.0399567 0.999329 0.599597
8.39672 -0.215331 -0.129198 0.0305156 0.999608 0.599765
8.39844 -0.148683 -0.0892097 0.0210712 0.999813 0.599888
8.39953 -0.0820239 -0.0492143 0.0116246 0.999943 0.599966
8.39999 -0.0153587 -0.00921525 0.00217669 0.999997 0.599998
8.39982 0.0513075 0.0307845 -0.00727144 0.999977 0.599986
8.39902 0.11797 0.070782 -0.0167188 0.999882 0.599929
8.3976 0.184624 0.110774 -0.0261643 0.999712 0.599827
8.39554 0.251263 0.150758 -0.0356071 0.999467 0.59968
8.39285 0.317884 0.19073 -0.0450461 0.999147 0.599488
8.38953 0.384481 0.230689 -0.0544802 0.998752 0.599251
8.38558 0.451049 0.27063 -0.0639085 0.998282 0.598969
8.38101 0.517584 0.31055 -0.07333 0.997738 0.598643
8.37581 0.58408 0.350448 -0.0827436 0.997119 0.598271
8.36998 0.650532 0.390319 -0.0921484 0.996426 0.597855
8.36352 0.716935 0.430161 -0.101543 0.995658 0.597395
8.35644 0.783284 0.469971 -0.110928 0.994816 0.59689
8.34873 0.849575 0.509745 -0.1203 0.9939 0.59634
8.3404 0.915803 0.549482 -0.129659 0.99291 0.595746
8.33144 0.981962 0.589177 -0.139005 0.991846 0.595108
8.32186 1.04805 0.628828 -0.148336 0.990709 0.594425
8.31166 1.11405 0.668433 -0.157651 0.989498 0.593699
8.30084 1.17998 0.707987 -0.16695 0.988214 0.592928
8.28941 1.24581 0.747489 -0.17623 0.986857 0.592114
8.27735 1.31156 0.786935 -0.185492 0.985427 0.591256
8.26467 1.3772 0.826322 -0.194735 0.983925 0.590355
8.25138 1.44275 0.865648 -0.203957 0.98235 0.58941
8.23748 1.50818 0.904909 -0.213157 0.980704 0.588422
8.22296 1.57351 0.944103 -0.222335 0.978985 0.587391
8.20784 1.63871 0.983227 -0.231489 0.977196 0.586317
8.1921 1.7038 1.02228 -0.240619 0.975335 0.585201
8.17575 1.76876 1.06125 -0.249724 0.973403 0.584042
8.1588 1.83358 1.10015 -0.258803 0.971401 0.582841
8.14125 1.89827 1.13896 -0.267854 0.969329 0.581597
8.12309 1.96282 1.17769 -0.276878 0.967187 0.580312
8.10433 2.02723 1.21634 -0.285872 0.964975 0.578985
8.08497 2.09149 1.25489 -0.294837 0.962694 0.577617
8.06502 2.15559 1.29335 -0.303772 0.960345 0.576207
8.04447 2.21953 1.33172 -0.312674 0.957927 0.574756
8.02333 2.28331 1.36999 -0.321545 0.955441 0.573265
8.0016 2.34692 1.40815 -0.330382 0.952888 0.571733
7.97928 2.41036 1.44622 -0.339185 0.950267 0.57016
7.95638 2.47362 1.48417 -0.347953 0.94758 0.568548
7.93289 2.5367 1.52202 -0.356685 0.944827 0.566896
7.90882 2.5996 1.55976 -0.365381 0.942007 0.565204
7.88417 2.6623 1.59738 -0.374039 0.939122 0.563473
7.85895 2.72481 1.63489 -0.382659 0.936173 0.561704
7.83315 2.78712 1.67227 -0.39124 0.933159 0.559895
7.80678 2.84923 1.70954 -0.399782 0.93008 0.558048
7.77985 2.91113 1.74668 -0.408282 0.926939 0.556163
7.75235 2.97282 1.78369 -0.416742 0.923734 0.55424
7.72428 3.0343 1.82058 -0.42516 0.920467 0.55228
7.69566 3.09555 1.85733 -0.433534 0.917138 0.550283
7.66648 3.15658 1.89395 -0.441866 0.913747 0.548248
7.63674 3.21738 1.93043 -0.450153 0.910295 0.546177
7.60646 3.27795 1.96677 -0.458395 0.906783 0.54407
7.57563 3.33829 2.00297 -0.466591 0.903211 0.541927
7.54425 3.39838 2.03903 -0.474742 0.89958 0.539748
7.51233 3.45823 2.07494 -0.482845 0.89589 0.537534
7.47987 3.51783 2.1107 -0.4909 0.892141 0.535285
7.44688 3.57718 2.14631 -0.498908 0.888335 0.533001
7.41335 3.63627 2.18176 -0.506866 0.884472 0.530683
7.3793 3.69511 2.21706 -0.514775 0.880553 0.528332
7.34471 3.75368 2.25221 -0.522633 0.876577 0.525946
7.30961 3.81198 2.28719 -0.530441 0.872546 0.523528
7.27399 3.87002 2.32201 -0.538197 0.868461 0.521076
7.23785 3.92778 2.35667 -0.545902 0.864321 0.518592
7.2012 3.98526 2.39116 -0.553554 0.860127 0.516076
7.16405 4.04246 2.42548 -0.561152 0.855881 0.513529
7.12639 4.09938 2.45963 -0.568697 0.851582 0.510949
7.08822 4.156 2.4936 -0.576188 0.847232 0.508339
7.04956 4.21234 2.5274 -0.583624 0.84283 0.505698
7.01041 4.26838 2.56103 -0.591005 0.838378 0.503027
6.97076 4.32412 2.59447 -0.598331 0.833876 0.500326
6.93063 4.37956 2.62774 -0.6056 0.829325 0.497595
6.89002 4.4347 2.66082 -0.612812 0.824725 0.494835
6.84892 4.48952 2.69371 -0.619967 0.820077 0.492046
6.80736 4.54404 2.72642 -0.627065 0.815382 0.489229
6.76532 4.59824 2.75894 -0.634105 0.810641 0.486384
6.72281 4.65212 2.79127 -0.641086 0.805853 0.483512
6.67984 4.70569 2.82341 -0.648008 0.80102 0.480612
6.63641 4.75893 2.85536 -0.654871 0.796142 0.477685
6.59252 4.81184 2.8871 -0.661674 0.79122 0.474732
6.54819 4.86442 2.91865 -0.668417 0.786255 0.471753
6.5034 4.91667 2.95 -0.6751 0.781247 0.468748
6.45818 4.96859 2.98115 -0.681722 0.776196 0.465718
6.41251 5.02016 3.0121 -0.688283 0.771105 0.462663
6.36641 5.0714 3.04284 -0.694782 0.765972 0.459583
6.31987 5.12229 3.07338 -0.70122 0.760799 0.45648
6.27291 5.17284 3.1037 -0.707595 0.755587 0.453352
6.22553 5.22304 3.13382 -0.713908 0.750336 0.450202
6.17773 5.27288 3.16373 -0.720159 0.745047 0.447028
6.12951 5.32238 3.19343 -0.726346 0.73972 0.443832
6.08088 5.37151 3.22291 -0.73247 0.734357 0.440614
6.03185 5.42029 3.25217 -0.738531 0.728957 0.437374
5.98241 5.4687 3.28122 -0.744528 0.723522 0.434113
5.93258 5.51676 3.31005 -0.750461 0.718051 0.430831
5.88235 5.56444 3.33867 -0.75633 0.712547 0.427528
5.83173 5.61176 3.36706 -0.762134 0.707009 0.424206
5.78073 5.65871 3.39523 -0.767874 0.701438 0.420863
5.72935 5.70529 3.42317 -0.773549 0.695835 0.417501
5.6776 5.75149 3.45089 -0.779159 0.690201 0.41412
5.62547 5.79731 3.47839 -0.784704 0.684535 0.410721
5.57297 5.84276 3.50566 -0.790184 0.678839 0.407304
5.52011 5.88782 3.53269 -0.795599 0.673114 0.403868
5.46689 5.93251 3.5595 -0.800947 0.667359 0.400416
5.41332 5.97681 3.58608 -0.806231 0.661576 0.396946
5.3594 6.02072 3.61243 -0.811448 0.655766 0.39346
5.30513 6.06424 3.63854 -0.816599 0.649928 0.389957
5.25052 6.10737 3.66442 -0.821685 0.644064 0.386439
5.19557 6.15012 3.69007 -0.826704 0.638175 0.382905
5.14029 6.19246 3.71548 -0.831657 0.63226 0.379356
5.08468 6.23442 3.74065 -0.836544 0.62632 0.375792
5.02875 6.27597 3.76558 -0.841365 0.620357 0.372214
4.9725 6.31713 3.79028 -0.84612 0.61437 0.368622
4.91594 6.35789 3.81473 -0.850808 0.608361 0.365017
4.85906 6.39824 3.83895 -0.855429 0.60233 0.361398
4.80188 6.4382 3.86292 -0.859985 0.596277 0.357766
4.7444 6.47775 3.88665 -0.864474 0.590204 0.354122
4.68662 6.51689 3.91013 -0.868896 0.584111 0.350466
4.62855 6.55563 3.93338 -0.873252 0.577998 0.346799
4.57019 6.59396 3.95637 -0.877542 0.571866 0.343119
4.51155 6.63188 3.97913 -0.881765 0.565715 0.339429
4.45262 6.66939 4.00163 -0.885922 0.559547 0.335728
4.39342 6.70648 4.02389 -0.890013 0.553362 0.332017
4.33395 6.74317 4.0459 -0.894037 0.54716 0.328296
4.27422 6.77944 4.06766 -0.897995 0.540942 0.324565
4.21422 6.81529 4.08918 -0.901887 0.534709 0.320825
4.15397 6.85073 4.11044 -0.905713 0.528461 0.317077
4.09346 6.88575 4.13145 -0.909473 0.522199 0.313319
4.03271 6.92036 4.15221 -0.913167 0.515923 0.309554
3.97171 6.95454 4.17273 -0.916795 0.509634 0.30578
3.91047 6.98831 4.19299 -0.920358 0.503332 0.301999
3.849 7.02165 4.21299 -0.923854 0.497018 0.298211
3.78729 7.05458 4.23275 -0.927286 0.490693 0.294416
3.72536 7.08708 4.25225 -0.930652 0.484357 0.290614
3.66321 7.11916 4.27149 -0.933952 0.478011 0.286807
3.60083 7.15081 4.29049 -0.937188 0.471655 0.282993
3.53825 7.18205 4.30923 -0.940359 0.465289 0.279174
3.47545 7.21285 4.32771 -0.943464 0.458915 0.275349
3.41245 7.24323 4.34594 -0.946505 0.452533 0.27152
3.34925 7.27319 4.36391 -0.949482 0.446143 0.267686
3.28586 7.30272 4.38163 -0.952394 0.439745 0.263847
3.22227 7.33182 4.39909 -0.955242 0.433341 0.260005
3.15849 7.3605 4.4163 -0.958026 0.426931 0.256159
3.09453 7.38875 4.43325 -0.960746 0.420515 0.252309
3.0304 7.41657 4.44994 -0.963402 0.414094 0.248457
2.96608 7.44396 4.46638 -0.965995 0.407669 0.244601
2.9016 7.47092 4.48255 -0.968525 0.401239 0.240743
2.83695 7.49746 4.49847 -0.970991 0.394805 0.236883
2.77213 7.52356 4.51414 -0.973395 0.388369 0.233021
2.70716 7.54924 4.52954 -0.975736 0.381929 0.229157
2.64204 7.57449 4.54469 -0.978014 0.375487 0.225292
2.57676 7.5993 4.55958 -0.98023 0.369044 0.221426
2.51134 7.62369 4.57422 -0.982385 0.362598 0.217559
2.44578 7.64765 4.58859 -0.984477 0.356153 0.213692
2.38008 7.67118 4.60271 -0.986508 0.349706 0.209824
2.31425 7.69428 4.61657 -0.988477 0.34326 0.205956
2.24828 7.71695 4.63017 -0.990386 0.336814 0.202088
2.1822 7.73919 4.64351 -0.992233 0.330368 0.198221
2.11599 7.761 4.6566 -0.99402 0.323924 0.194355
2.04966 7.78238 4.66943 -0.995747 0.317482 0.190489
1.98322 7.80333 4.682 -0.997413 0.311042 0.186625
1.91667 7.82385 4.69431 -0.99902 0.304605 0.182763
1.85002 7.84394 4.70637 -1.00057 0.29817 0.178902
1.78327 7.86361 4.71816 -1.00205 0.291739 0.175043
1.71641 7.88284 4.7297 -1.00348 0.285311 0.171187
1.64947 7.90165 4.74099 -1.00485 0.278888 0.167333
1.58244 7.92003 4.75202 -1.00616 0.272469 0.163481
1.51532 7.93798 4.76279 -1.00742 0.266055 0.159633
1.44811 7.9555 4.7733 -1.00861 0.259646 0.155788
1.38084 7.9726 4.78356 -1.00975 0.253243 0.151946
1.31348 7.98927 4.79356 -1.01083 0.246846 0.148107
1.24606 8.00551 4.80331 -1.01185 0.240455 0.144273
1.17857 8.02133 4.8128 -1.01282 0.234071 0.140443
1.11102 8.03672 4.82203 -1.01373 0.227694 0.136617
1.04341 8.05169 4.83101 -1.01458 0.221325 0.132795
0.975742 8.06623 4.83974 -1.01538 0.214964 0.128978
0.908025 8.08035 4.84821 -1.01612 0.20861 0.125166
0.840261 8.09404 4.85643 -1.0168 0.202265 0.121359
0.772453 8.10732 4.86439 -1.01743 0.195929 0.117557
0.704604 8.12017 4.8721 -1.01801 0.189602 0.113761
0.636719 8.1326 4.87956 -1.01853 0.183285 0.109971
0.568801 8.14461 4.88676 -1.019 0.176977 0.106186
0.500854 8.15619 4.89372 -1.01941 0.170679 0.102408
0.432881 8.16736 4.90042 -1.01977 0.164392 0.0986352
0.364885 8.17811 4.90687 -1.02008 0.158116 0.0948693
0.296872 8.18845 4.91307 -1.02033 0.15185 0.09111
0.228842 8.19836 4.91902 -1.02053 0.145596 0.0873575
0.160802 8.20786 4.92472 -1.02068 0.139353 0.0836119
0.0927528 8.21694 4.93016 -1.02078 0.133122 0.0798735
0.0246993 8.22561 4.93537 -1.02082 0.126904 0.0761423
-0.0433556 8.23386 4.94032 -1.02081 0.120698 0.0724186
-0.111408 8.2417 4.94502 -1.02076 0.114504 0.0687026
-0.179455 8.24913 4.94948 -1.02065 0.108324 0.0649943
-0.247493 8.25615 4.95369 -1.02049 0.102157 0.061294
-0.315519 8.26275 4.95765 -1.02028 0.0960029 0.0576018
-0.383529 8.26895 4.96137 -1.02002 0.089863 0.0539178
-0.45152 8.27473 4.96484 -1.01971 0.0837371 0.0502422
-0.519489 8.28011 4.96807 -1.01935 0.0776254 0.0465753
-0.587433 8.28508 4.97105 -1.01894 0.0715283 0.042917
-0.655347 8.28965 4.97379 -1.01849 0.0654459 0.0392675
-0.72323 8.29381 4.97629 -1.01798 0.0593785 0.0356271
-0.791077 8.29757 4.97854 -1.01743 0.0533263 0.0319958
-0.858886 8.30092 4.98055 -1.01683 0.0472896 0.0283738
-0.926654 8.30387 4.98232 -1.01618 0.0412685 0.0247611
-0.994376 8.30642 4.98385 -1.01549 0.0352634 0.021158
-1.06205 8.30857 4.98514 -1.01475 0.0292743 0.0175646
-1.12967 8.31033 4.9862 -1.01396 0.0233016 0.013981
-1.19724 8.31168 4.98701 -1.01313 0.0173454 0.0104073
-1.26476 8.31264 4.98758 -1.01225 0.011406 0.00684361
-1.33221 8.3132 4.98792 -1.01132 0.00548353 0.00329012
-1.3996 8.31337 4.98802 -1.01035 -0.000421815 -0.000253089
-1.46692 8.31315 4.98789 -1.00934 -0.00630981 -0.00378589
-1.53418 8.31253 4.98752 -1.00828 -0.0121803 -0.00730817
-1.60136 8.31152 4.98691 -1.00717 -0.018033 -0.0108198
-1.66846 8.31013 4.98608 -1.00602 -0.0238679 -0.0143207
-1.73549 8.30834 4.985 -1.00483 -0.0296846 -0.0178108
-1.80244 8.30617 4.9837 -1.0036 -0.0354831 -0.0212899
-1.86931 8.30361 4.98217 -1.00232 -0.0412631 -0.0247579
-1.93608 8.30067 4.9804 -1.001 -0.0470245 -0.0282147
-2.00277 8.29734 4.9784 -0.999637 -0.0527672 -0.0316603
-2.06937 8.29363 4.97618 -0.998232 -0.0584909 -0.0350945
-2.13587 8.28954 4.97373 -0.996785 -0.0641954 -0.0385173
-2.20227 8.28507 4.97104 -0.995297 -0.0698808 -0.0419285
-2.26857 8.28023 4.96814 -0.993768 -0.0755466 -0.045328
-2.33477 8.275 4.965 -0.992198 -0.0811929 -0.0487158
-2.40087 8.2694 4.96164 -0.990588 -0.0868195 -0.0520917
-2.46685 8.26343 4.95806 -0.988937 -0.0924262 -0.0554557
-2.53272 8.25708 4.95425 -0.987246 -0.0980129 -0.0588077
-2.59848 8.25036 4.95021 -0.985516 -0.103579 -0.0621477
-2.66412 8.24327 4.94596 -0.983746 -0.109126 -0.0654754
-2.72965 8.23581 4.94148 -0.981938 -0.114651 -0.0687909
-2.79505 8.22798 4.93679 -0.98009 -0.120157 -0.072094
-2.86033 8.21979 4.93187 -0.978204 -0.125641 -0.0753847
-2.92548 8.21123 4.92674 -0.976281 -0.131105 -0.0786629
-2.9905 8.20231 4.92138 -0.974319 -0.136548 -0.0819286
-3.05538 8.19302 4.91581 -0.97232 -0.141969 -0.0851816
-3.12014 8.18338 4.91003 -0.970283 -0.14737 -0.0884219
-3.18475 8.17337 4.90402 -0.96821 -0.152749 -0.0916494
-3.24923 8.16301 4.89781 -0.966099 -0.158107 -0.0948641
-3.31357 8.15229 4.89138 -0.963953 -0.163443 -0.0980658
-3.37776 8.14122 4.88473 -0.96177 -0.168758 -0.101255
-3.4418 8.12979 4.87788 -0.959552 -0.17405 -0.10443
-3.5057 8.11801 4.87081 -0.957298 -0.179321 -0.107593
-3.56944 8.10588 4.86353 -0.955009 -0.184571 -0.110742
-3.63303 8.09341 4.85604 -0.952685 -0.189798 -0.113879
-3.69646 8.08058 4.84835 -0.950326 -0.195002 -0.117001
-3.75974 8.06741 4.84044 -0.947933 -0.200185 -0.120111
-3.82286 8.05389 4.83233 -0.945506 -0.205345 -0.123207
-3.88581 8.04003 4.82402 -0.943045 -0.210483 -0.12629
-3.94859 8.02582 4.81549 -0.940551 -0.215599 -0.129359
-4.01121 8.01128 4.80677 -0.938023 -0.220691 -0.132415
-4.07366 7.9964 4.79784 -0.935463 -0.225761 -0.135457
-4.13594 7.98118 4.78871 -0.932869 -0.230809 -0.138485
-4.19805 7.96562 4.77937 -0.930243 -0.235833 -0.1415
-4.25997 7.94974 4.76984 -0.927585 -0.240835 -0.144501
-4.32172 7.93351 4.76011 -0.924895 -0.245813 -0.147488
-4.38329 7.91696 4.75018 -0.922174 -0.250769 -0.150461
-4.44468 7.90008 4.74005 -0.919421 -0.255701 -0.153421
-4.50588 7.88287 4.72972 -0.916637 -0.26061 -0.156366
-4.5669 7.86533 4.7192 -0.913822 -0.265496 -0.159297
-4.62772 7.84747 4.70848 -0.910977 -0.270358 -0.162215
-4.68836 7.82928 4.69757 -0.908101 -0.275197 -0.165118
-4.7488 7.81078 4.68647 -0.905196 -0.280013 -0.168008
-4.80905 7.79195 4.67517 -0.90226 -0.284805 -0.170883
-4.8691 7.7728 4.66368 -0.899295 -0.289573 -0.173744
-4.92896 7.75334 4.652 -0.896301 -0.294318 -0.176591
-4.98861 7.73356 4.64014 -0.893278 -0.299039 -0.179424
-5.04806 7.71347 4.62808 -0.890226 -0.303737 -0.182242
-5.10731 7.69306 4.61584 -0.887145 -0.30841 -0.185046
-5.16635 7.67235 4.60341 -0.884036 -0.31306 -0.187836
-5.22518 7.65132 4.59079 -0.880899 -0.317685 -0.190611
-5.2838 7.62999 4.57799 -0.877735 -0.322287 -0.193372
-5.34221 7.60835 4.56501 -0.874543 -0.326865 -0.196119
-5.4004 7.58641 4.55185 -0.871323 -0.331419 -0.198851
-5.45838 7.56416 4.5385 -0.868077 -0.335948 -0.201569
-5.51615 7.54162 4.52497 -0.864803 -0.340454 -0.204272
-5.57369 7.51877 4.51126 -0.861504 -0.344935 -0.206961
-5.63101 7.49563 4.49738 -0.858177 -0.349392 -0.209635
-5.68811 7.47218 4.48331 -0.854825 -0.353825 -0.212295
-5.74499 7.44845 4.46907 -0.851447 -0.358233 -0.21494
-5.80164 7.42442 4.45465 -0.848044 -0.362617 -0.21757
-5.85806 7.4001 4.44006 -0.844615 -0.366977 -0.220186
-5.91425 7.37549 4.42529 -0.84116 -0.371312 -0.222787
-5.97022 7.35059 4.41036 -0.837681 -0.375623 -0.225374
-6.02594 7.32541 4.39525 -0.834178 -0.37991 -0.227946
-6.08144 7.29994 4.37996 -0.830649 -0.384172 -0.230503
-6.1367 7.27419 4.36451 -0.827097 -0.388409 -0.233046
-6.19172 7.24815 4.34889 -0.82352 -0.392622 -0.235573
-6.2465 7.22184 4.3331 -0.81992 -0.396811 -0.238086
-6.30104 7.19524 4.31715 -0.816296 -0.400974 -0.240585
-6.35534 7.16837 4.30102 -0.812649 -0.405114 -0.243068
-6.40939 7.14123 4.28474 -0.808979 -0.409228 -0.245537
-6.4632 7.11381 4.26829 -0.805286 -0.413318 -0.247991
-6.51676 7.08612 4.25167 -0.80157 -0.417383 -0.25043
-6.57008 7.05816 4.2349 -0.797831 -0.421423 -0.252854
-6.62314 7.02993 4.21796 -0.794071 -0.425439 -0.255264
-6.67595 7.00144 4.20086 -0.790288 -0.42943 -0.257658
-6.72851 6.97267 4.1836 -0.786484 -0.433396 -0.260038
-6.78082 6.94365 4.16619 -0.782657 -0.437338 -0.262403
-6.83287 6.91436 4.14862 -0.77881 -0.441254 -0.264753
-6.88466 6.88482 4.13089 -0.774941 -0.445146 -0.267088
-6.93619 6.85501 4.11301 -0.771051 -0.449013 -0.269408
-6.98746 6.82495 4.09497 -0.767141 -0.452856 -0.271713
-7.03848 6.79463 4.07678 -0.763209 -0.456673 -0.274004
-7.08922 6.76406 4.05844 -0.759258 -0.460465 -0.276279
-7.13971 6.73324 4.03994 -0.755286 -0.464233 -0.27854
-7.18993 6.70216 4.0213 -0.751294 -0.467976 -0.280785
-7.23988 6.67084 4.0025 -0.747282 -0.471694 -0.283016
-7.28957 6.63927 3.98356 -0.743251 -0.475387 -0.285232
-7.33898 6.60746 3.96447 -0.7392 -0.479055 -0.287433
-7.38813 6.5754 3.94524 -0.73513 -0.482698 -0.289619
-7.437 6.5431 3.92586 -0.731041 -0.486316 -0.29179
-7.4856 6.51056 3.90633 -0.726933 -0.48991 -0.293946
-7.53392 6.47778 3.88667 -0.722807 -0.493478 -0.296087
-7.58197 6.44476 3.86686 -0.718662 -0.497022 -0.298213
-7.62974 6.41151 3.8469 -0.714499 -0.50054 -0.300324
-7.67724 6.37802 3.82681 -0.710317 -0.504034 -0.30242
-7.72445 6.3443 3.80658 -0.706118 -0.507503 -0.304502
-7.77139 6.31035 3.78621 -0.701901 -0.510947 -0.306568
-7.81804 6.27618 3.76571 -0.697666 -0.514366 -0.308619
-7.86441 6.24177 3.74506 -0.693414 -0.51776 -0.310656
-7.91049 6.20714 3.72429 -0.689145 -0.521129 -0.312677
-7.95629 6.17229 3.70337 -0.684859 -0.524473 -0.314684
-8.00181 6.13721 3.68233 -0.680556 -0.527792 -0.316675
-8.04703 6.10192 3.66115 -0.676236 -0.531086 -0.318652
-8.09197 6.0664 3.63984 -0.6719 -0.534355 -0.320613
-8.13662 6.03067 3.6184 -0.667548 -0.5376 -0.32256
-8.18098 5.99472 3.59683 -0.663179 -0.540819 -0.324492
-8.22504 5.95856 3.57514 -0.658795 -0.544014 -0.326408
-8.26882 5.92219 3.55331 -0.654394 -0.547184 -0.32831
-8.3123 5.8856 3.53136 -0.649978 -0.550328 -0.330197
-8.35548 5.84881 3.50929 -0.645547 -0.553448 -0.332069
-8.39837 5.81181 3.48709 -0.6411 -0.556543 -0.333926
-8.44096 5.77461 3.46476 -0.636638 -0.559613 -0.335768
-8.48325 5.7372 3.44232 -0.632161 -0.562658 -0.337595
-8.52525 5.69959 3.41975 -0.62767 -0.565679 -0.339407
-8.56694 5.66177 3.39706 -0.623163 -0.568674 -0.341204
-8.60834 5.62376 3.37426 -0.618643 -0.571644 -0.342987
-8.64943 5.58556 3.35133 -0.614107 -0.57459 -0.344754
-8.69022 5.54715 3.32829 -0.609558 -0.577511 -0.346507
-8.7307 5.50855 3.30513 -0.604995 -0.580407 -0.348244
-8.77088 5.46976 3.28186 -0.600418 -0.583278 -0.349967
-8.81076 5.43078 3.25847 -0.595827 -0.586124 -0.351675
-8.85033 5.39162 3.23497 -0.591223 -0.588946 -0.353368
-8.88959 5.35226 3.21136 -0.586605 -0.591743 -0.355046
-8.92854 5.31272 3.18763 -0.581974 -0.594514 -0.356709
-8.96718 5.27299 3.16379 -0.57733 -0.597261 -0.358357
-9.00552 5.23308 3.13985 -0.572673 -0.599984 -0.35999
-9.04354 5.19299 3.1158 -0.568003 -0.602681 -0.361609
-9.08125 5.15273 3.09164 -0.563321 -0.605354 -0.363212
-9.11865 5.11228 3.06737 -0.558626 -0.608002 -0.364801
-9.15573 5.07166 3.043 -0.553918 -0.610625 -0.366375
-9.1925 5.03086 3.01852 -0.549199 -0.613224 -0.367934
-9.22896 4.9899 2.99394 -0.544468 -0.615797 -0.369478
-9.2651 4.94876 2.96925 -0.539724 -0.618347 -0.371008
-9.30092 4.90745 2.94447 -0.534969 -0.620871 -0.372523
-9.33643 4.86598 2.91959 -0.530202 -0.623371 -0.374022
-9.37162 4.82434 2.8946 -0.525424 -0.625846 -0.375507
-9.40649 4.78253 2.86952 -0.520635 -0.628296 -0.376978
-9.44103 4.74056 2.84434 -0.515834 -0.630722 -0.378433
-9.47526 4.69843 2.81906 -0.511022 -0.633123 -0.379874
-9.50917 4.65615 2.79369 -0.5062 -0.635499 -0.381299
-9.54276 4.6137 2.76822 -0.501366 -0.637851 -0.38271
-9.57602 4.5711 2.74266 -0.496522 -0.640178 -0.384107
-9.60896 4.52835 2.71701 -0.491667 -0.64248 -0.385488
-9.64157 4.48544 2.69126 -0.486802 -0.644758 -0.386855
-9.67387 4.44238 2.66543 -0.481927 -0.647012 -0.388207
-9.70583 4.39917 2.6395 -0.477042 -0.649241 -0.389544
-9.73747 4.35581 2.61349 -0.472147 -0.651445 -0.390867
-9.76878 4.31231 2.58739 -0.467242 -0.653625 -0.392175
-9.79977 4.26866 2.5612 -0.462327 -0.65578 -0.393468
-9.83043 4.22487 2.53492 -0.457402 -0.65791 -0.394746
-9.86076 4.18094 2.50857 -0.452468 -0.660017 -0.39601
-9.89076 4.13687 2.48212 -0.447525 -0.662098 -0.397259
-9.92043 4.09266 2.4556 -0.442573 -0.664156 -0.398493
-9.94977 4.04832 2.42899 -0.437611 -0.666188 -0.399713
-9.97877 4.00384 2.4023 -0.432641 -0.668197 -0.400918
-10.0075 3.95923 2.37554 -0.427662 -0.67018 -0.402108
-10.0358 3.91448 2.34869 -0.422674 -0.67214 -0.403284
-10.0638 3.86961 2.32176 -0.417677 -0.674075 -0.404445
-10.0915 3.82461 2.29476 -0.412672 -0.675985 -0.405591
-10.1188 3.77948 2.26769 -0.407659 -0.677872 -0.406723
-10.1458 3.73422 2.24053 -0.402638 -0.679734 -0.40784
-10.1725 3.68885 2.21331 -0.397608 -0.681571 -0.408943
-10.1989 3.64335 2.18601 -0.392571 -0.683384 -0.41003
-10.2249 3.59773 2.15864 -0.387526 -0.685173 -0.411104
-10.2505 3.55199 2.1312 -0.382473 -0.686937 -0.412162
-10.2759 3.50614 2.10368 -0.377412 -0.688677 -0.413206
-10.3008 3.46017 2.0761 -0.372344 -0.690393 -0.414236
-10.3255 3.41409 2.04845 -0.367268 -0.692085 -0.415251
-10.3498 3.36789 2.02073 -0.362186 -0.693752 -0.416251
-10.3738 3.32159 1.99295 -0.357096 -0.695395 -0.417237
-10.3974 3.27517 1.9651 -0.351999 -0.697014 -0.418208
-10.4207 3.22865 1.93719 -0.346895 -0.698608 -0.419165
-10.4437 3.18203 1.90922 -0.341785 -0.700178 -0.420107
-10.4663 3.1353 1.88118 -0.336668 -0.701724 -0.421035
-10.4886 3.08846 1.85308 -0.331544 -0.703246 -0.421948
-10.5105 3.04153 1.82492 -0.326414 -0.704744 -0.422846
-10.5321 2.9945 1.7967 -0.321277 -0.706217 -0.42373
-10.5533 2.94737 1.76842 -0.316135 -0.707666 -0.4246
-10.5742 2.90014 1.74009 -0.310986 -0.709091 -0.425455
-10.5948 2.85282 1.71169 -0.305831 -0.710492 -0.426295
-10.615 2.80541 1.68325 -0.30067 -0.711869 -0.427121
-10.6349 2.75791 1.65474 -0.295504 -0.713222 -0.427933
-10.6544 2.71031 1.62619 -0.290332 -0.71455 -0.42873
-10.6736 2.66263 1.59758 -0.285154 -0.715854 -0.429513
-10.6924 2.61487 1.56892 -0.279971 -0.717135 -0.430281
-10.7109 2.56702 1.54021 -0.274783 -0.718391 -0.431035
-10.7291 2.51908 1.51145 -0.269589 -0.719623 -0.431774
-10.7469 2.47107 1.48264 -0.26439 -0.720831 -0.432499
-10.7643 2.42297 1.45378 -0.259186 -0.722015 -0.433209
-10.7814 2.3748 1.42488 -0.253978 -0.723175 -0.433905
-10.7982 2.32655 1.39593 -0.248764 -0.724311 -0.434586
-10.8146 2.27823 1.36694 -0.243546 -0.725422 -0.435253
-10.8307 2.22983 1.3379 -0.238323 -0.72651 -0.435906
-10.8464 2.18136 1.30881 -0.233096 -0.727574 -0.436544
-10.8617 2.13282 1.27969 -0.227864 -0.728613 -0.437168
-10.8768 2.08421 1.25053 -0.222629 -0.729629 -0.437778
-10.8914 2.03553 1.22132 -0.217389 -0.730621 -0.438373
-10.9057 1.98679 1.19208 -0.212144 -0.731589 -0.438953
-10.9197 1.93799 1.16279 -0.206896 -0.732532 -0.439519
-10.9333 1.88912 1.13347 -0.201644 -0.733452 -0.440071
-10.9466 1.8402 1.10412 -0.196389 -0.734348 -0.440609
-10.9595 1.79121 1.07473 -0.191129 -0.73522 -0.441132
-10.9721 1.74217 1.0453 -0.185866 -0.736068 -0.441641
-10.9843 1.69307 1.01584 -0.1806 -0.736892 -0.442135
-10.9962 1.64392 0.98635 -0.17533 -0.737692 -0.442615
-11.0077 1.59471 0.956826 -0.170057 -0.738468 -0.443081
-11.0188 1.54545 0.927273 -0.164781 -0.73922 -0.443532
-11.0296 1.49615 0.897689 -0.159502 -0.739948 -0.443969
-11.0401 1.4468 0.868077 -0.15422 -0.740653 -0.444392
-11.0502 1.3974 0.838437 -0.148935 -0.741333 -0.4448
-11.06 1.34795 0.808771 -0.143648 -0.74199 -0.445194
-11.0694 1.29846 0.779078 -0.138357 -0.742622 -0.445573
-11.0784 1.24894 0.749361 -0.133065 -0.743231 -0.445939
-11.0871 1.19937 0.71962 -0.127769 -0.743816 -0.44629
-11.0954 1.14976 0.689856 -0.122472 -0.744377 -0.446626
-11.1034 1.10012 0.66007 -0.117172 -0.744914 -0.446948
-11.1111 1.05044 0.630263 -0.11187 -0.745427 -0.447256
-11.1184 1.00073 0.600436 -0.106566 -0.745917 -0.44755
-11.1253 0.950984 0.57059 -0.10126 -0.746382 -0.447829
-11.1319 0.90121 0.540726 -0.0959518 -0.746824 -0.448094
-11.1381 0.851408 0.510845 -0.0906421 -0.747242 -0.448345
-11.1439 0.801579 0.480947 -0.0853309 -0.747636 -0.448582
-11.1495 0.751724 0.451034 -0.080018 -0.748006 -0.448804
-11.1546 0.701845 0.421107 -0.0747037 -0.748352 -0.449011
-11.1594 0.651944 0.391166 -0.0693881 -0.748675 -0.449205
-11.1639 0.602022 0.361213 -0.0640712 -0.748974 -0.449384
-11.168 0.552081 0.331249 -0.0587531 -0.749248 -0.449549
-11.1717 0.502123 0.301274 -0.0534339 -0.749499 -0.4497
-11.1751 0.452148 0.271289 -0.0481138 -0.749727 -0.449836
-11.1781 0.40216 0.241296 -0.0427928 -0.74993 -0.449958
-11.1808 0.352158 0.211295 -0.037471 -0.750109 -0.450066
-11.1831 0.302146 0.181287 -0.0321486 -0.750265 -0.450159
-11.1851 0.252123 0.151274 -0.0268255 -0.750397 -0.450238
-11.1867 0.202093 0.121256 -0.021502 -0.750505 -0.450303
-11.1879 0.152056 0.0912338 -0.0161781 -0.750589 -0.450354
-11.1888 0.102015 0.061209 -0.0108538 -0.75065 -0.45039
-11.1894 0.0519702 0.0311821 -0.00552942 -0.750687 -0.450412
-11.1896 0.00192386 0.00115432 -0.000204904 -0.750699 -0.45042
-11.1894 -0.0481226 -0.0288735 0.00511962 -0.750688 -0.450413
-11.1889 -0.0981674 -0.0589005 0.010444 -0.750654 -0.450392
-11.188 -0.148209 -0.0889255 0.0157683 -0.750595 -0.450357
-11.1868 -0.198246 -0.118948 0.0210922 -0.750513 -0.450308
-11.1852 -0.248277 -0.148966 0.0264158 -0.750406 -0.450244
-11.1833 -0.2983 -0.17898 0.0317389 -0.750276 -0.450166
-11.181 -0.348313 -0.208988 0.0370614 -0.750122 -0.450073
-11.1783 -0.398316 -0.238989 0.0423832 -0.749945 -0.449967
-11.1753 -0.448306 -0.268983 0.0477043 -0.749743 -0.449846
-11.172 -0.498281 -0.298969 0.0530245 -0.749518 -0.449711
-11.1683 -0.548241 -0.328944 0.0583437 -0.749269 -0.449561
-11.1642 -0.598183 -0.35891 0.0636619 -0.748996 -0.449397
-11.1598 -0.648106 -0.388864 0.0689789 -0.748699 -0.449219
-11.155 -0.698009 -0.418805 0.0742947 -0.748378 -0.449027
-11.1499 -0.74789 -0.448734 0.0796091 -0.748034 -0.44882
-11.1444 -0.797746 -0.478648 0.084922 -0.747665 -0.448599
-11.1385 -0.847578 -0.508547 0.0902334 -0.747273 -0.448364
-11.1323 -0.897382 -0.538429 0.0955432 -0.746857 -0.448114
-11.1258 -0.947158 -0.568295 0.100851 -0.746417 -0.44785
-11.1189 -0.996904 -0.598142 0.106157 -0.745953 -0.447572
-11.1116 -1.04662 -0.627971 0.111462 -0.745466 -0.447279
-11.104 -1.0963 -0.657779 0.116764 -0.744954 -0.446973
-11.0961 -1.14595 -0.687567 0.122064 -0.744419 -0.446651
-11.0878 -1.19555 -0.717333 0.127362 -0.74386 -0.446316
-11.0791 -1.24513 -0.747076 0.132657 -0.743277 -0.445966
-11.0701 -1.29466 -0.776795 0.13795 -0.74267 -0.445602
-11.0607 -1.34415 -0.806489 0.143241 -0.742039 -0.445223
-11.051 -1.3936 -0.836157 0.148528 -0.741384 -0.444831
-11.0409 -1.443 -0.865799 0.153814 -0.740706 -0.444423
-11.0305 -1.49236 -0.895414 0.159096 -0.740003 -0.444002
-11.0197 -1.54167 -0.924999 0.164375 -0.739277 -0.443566
-11.0085 -1.59093 -0.954555 0.169651 -0.738526 -0.443116
-10.9971 -1.64014 -0.984081 0.174925 -0.737752 -0.442651
-10.9852 -1.68929 -1.01358 0.180195 -0.736954 -0.442172
-10.973 -1.7384 -1.04304 0.185461 -0.736132 -0.441679
-10.9605 -1.78744 -1.07247 0.190724 -0.735286 -0.441171
-10.9476 -1.83643 -1.10186 0.195984 -0.734416 -0.440649
-10.9344 -1.88536 -1.13122 0.20124 -0.733522 -0.440113
-10.9208 -1.93424 -1.16054 0.206492 -0.732604 -0.439562
-10.9068 -1.98304 -1.18983 0.211741 -0.731662 -0.438997
-10.8925 -2.03179 -1.21907 0.216985 -0.730696 -0.438418
-10.8779 -2.08047 -1.24828 0.222225 -0.729706 -0.437824
-10.8629 -2.12908 -1.27745 0.227462 -0.728692 -0.437215
-10.8476 -2.17763 -1.30658 0.232694 -0.727655 -0.436593
-10.8319 -2.2261 -1.33566 0.237921 -0.726593 -0.435956
-10.8159 -2.27451 -1.3647 0.243144 -0.725507 -0.435304
-10.7995 -2.32284 -1.3937 0.248363 -0.724397 -0.434638
-10.7827 -2.37109 -1.42266 0.253577 -0.723263 -0.433958
-10.7657 -2.41927 -1.45156 0.258786 -0.722105 -0.433263
-10.7482 -2.46737 -1.48042 0.26399 -0.720923 -0.432554
-10.7305 -2.51539 -1.50924 0.269189 -0.719717 -0.43183
-10.7123 -2.56333 -1.538 0.274383 -0.718486 -0.431092
-10.6939 -2.61119 -1.56672 0.279572 -0.717232 -0.430339
-10.6751 -2.65897 -1.59538 0.284755 -0.715954 -0.429572
-10.6559 -2.70665 -1.62399 0.289933 -0.714651 -0.428791
-10.6364 -2.75425 -1.65255 0.295106 -0.713325 -0.427995
-10.6166 -2.80176 -1.68106 0.300273 -0.711974 -0.427184
-10.5964 -2.84918 -1.70951 0.305434 -0.710599 -0.426359
-10.5758 -2.89651 -1.7379 0.310589 -0.7092 -0.42552
-10.555 -2.94374 -1.76624 0.315738 -0.707777 -0.424666
-10.5337 -2.99088 -1.79453 0.320882 -0.706329 -0.423798
-10.5122 -3.03792 -1.82275 0.326019 -0.704858 -0.422915
-10.4903 -3.08486 -1.85091 0.331149 -0.703362 -0.422017
-10.468 -3.1317 -1.87902 0.336273 -0.701842 -0.421105
-10.4454 -3.17844 -1.90706 0.341391 -0.700298 -0.420179
-10.4225 -3.22507 -1.93504 0.346502 -0.69873 -0.419238
-10.3992 -3.2716 -1.96296 0.351606 -0.697137 -0.418282
-10.3756 -3.31802 -1.99081 0.356704 -0.69552 -0.417312
-10.3517 -3.36434 -2.0186 0.361794 -0.693879 -0.416328
-10.3274 -3.41054 -2.04632 0.366877 -0.692214 -0.415328
-10.3028 -3.45663 -2.07398 0.371953 -0.690524 -0.414315
-10.2778 -3.50261 -2.10156 0.377022 -0.68881 -0.413286
-10.2525 -3.54847 -2.12908 0.382083 -0.687072 -0.412243
-10.2268 -3.59422 -2.15653 0.387137 -0.685309 -0.411186
-10.2009 -3.63985 -2.18391 0.392183 -0.683523 -0.410114
-10.1746 -3.68535 -2.21121 0.397221 -0.681711 -0.409027
-10.1479 -3.73074 -2.23844 0.402251 -0.679876 -0.407925
-10.1209 -3.776 -2.2656 0.407273 -0.678016 -0.406809
-10.0936 -3.82114 -2.29268 0.412287 -0.676131 -0.405679
-10.066 -3.86615 -2.31969 0.417292 -0.674223 -0.404534
-10.038 -3.91104 -2.34662 0.422289 -0.67229 -0.403374
-10.0096 -3.95579 -2.37347 0.427278 -0.670332 -0.402199
-9.98099 -4.00041 -2.40025 0.432258 -0.66835 -0.40101
-9.95201 -4.0449 -2.42694 0.437229 -0.666344 -0.399806
-9.9227 -4.08926 -2.45356 0.442191 -0.664313 -0.398588
-9.89305 -4.13348 -2.48009 0.447144 -0.662257 -0.397354
-9.86308 -4.17756 -2.50654 0.452088 -0.660178 -0.396107
-9.83277 -4.2215 -2.5329 0.457023 -0.658073 -0.394844
-9.80214 -4.2653 -2.55918 0.461948 -0.655944 -0.393567
-9.77118 -4.30896 -2.58538 0.466863 -0.653791 -0.392275
-9.73989 -4.35247 -2.61148 0.471769 -0.651613 -0.390968
-9.70828 -4.39584 -2.63751 0.476665 -0.649411 -0.389647
-9.67634 -4.43906 -2.66344 0.481551 -0.647184 -0.38831
-9.64407 -4.48213 -2.68928 0.486427 -0.644933 -0.38696
-9.61148 -4.52505 -2.71503 0.491293 -0.642656 -0.385594
-9.57857 -4.56782 -2.74069 0.496149 -0.640356 -0.384213
-9.54533 -4.61043 -2.76626 0.500994 -0.638031 -0.382818
-9.51177 -4.65289 -2.79173 0.505828 -0.635681 -0.381408
-9.47789 -4.69519 -2.81711 0.510651 -0.633306 -0.379984
-9.44368 -4.73733 -2.8424 0.515464 -0.630907 -0.378544
-9.40916 -4.77931 -2.86759 0.520265 -0.628483 -0.37709
-9.37431 -4.82113 -2.89268 0.525056 -0.626035 -0.375621
-9.33915 -4.86278 -2.91767 0.529835 -0.623562 -0.374137
-9.30367 -4.90427 -2.94256 0.534603 -0.621064 -0.372638
-9.26787 -4.94559 -2.96735 0.539359 -0.618542 -0.371125
-9.23175 -4.98674 -2.99204 0.544103 -0.615994 -0.369597
-9.19532 -5.02772 -3.01663 0.548835 -0.613423 -0.368054
-9.15858 -5.06853 -3.04112 0.553555 -0.610826 -0.366496
-9.12152 -5.10916 -3.0655 0.558264 -0.608205 -0.364923
-9.08414 -5.14962 -3.08977 0.562959 -0.605559 -0.363335
-9.04645 -5.1899 -3.11394 0.567643 -0.602888 -0.361733
-9.00846 -5.23001 -3.138 0.572314 -0.600192 -0.360115
-8.97015 -5.26993 -3.16196 0.576972 -0.597472 -0.358483
-8.93153 -5.30967 -3.1858 0.581617 -0.594727 -0.356836
-8.8926 -5.34923 -3.20954 0.586249 -0.591957 -0.355174
-8.85336 -5.3886 -3.23316 0.590867 -0.589162 -0.353497
-8.81382 -5.42778 -3.25667 0.595473 -0.586342 -0.351805
-8.77396 -5.46678 -3.28007 0.600065 -0.583498 -0.350099
-8.73381 -5.50558 -3.30335 0.604643 -0.580629 -0.348377
-8.69335 -5.54419 -3.32652 0.609207 -0.577735 -0.346641
-8.65258 -5.58261 -3.34957 0.613758 -0.574816 -0.344889
-8.61151 -5.62083 -3.3725 0.618294 -0.571872 -0.343123
-8.57014 -5.65886 -3.39532 0.622816 -0.568903 -0.341342
-8.52847 -5.69669 -3.41801 0.627323 -0.56591 -0.339546
-8.4865 -5.73431 -3.44059 0.631816 -0.562892 -0.337735
-8.44423 -5.77174 -3.46304 0.636294 -0.559848 -0.335909
-8.40166 -5.80896 -3.48538 0.640757 -0.55678 -0.334068
-8.35879 -5.84598 -3.50759 0.645205 -0.553687 -0.332212
-8.31563 -5.88278 -3.52967 0.649638 -0.550569 -0.330342
-8.27218 -5.91938 -3.55163 0.654055 -0.547426 -0.328456
-8.22843 -5.95577 -3.57346 0.658456 -0.544259 -0.326555
-8.18438 -5.99195 -3.59517 0.662842 -0.541066 -0.32464
-8.14005 -6.02792 -3.61675 0.667212 -0.537848 -0.322709
-8.09542 -6.06366 -3.6382 0.671566 -0.534606 -0.320764
-8.05051 -6.0992 -3.65952 0.675903 -0.531339 -0.318803
-8.0053 -6.13451 -3.68071 0.680224 -0.528046 -0.316828
-7.95981 -6.1696 -3.70176 0.684528 -0.524729 -0.314837
-7.91403 -6.20447 -3.72268 0.688816 -0.521387 -0.312832
-7.86797 -6.23912 -3.74347 0.693086 -0.51802 -0.310812
-7.82162 -6.27354 -3.76412 0.697339 -0.514628 -0.308777
-7.77499 -6.30774 -3.78464 0.701575 -0.511211 -0.306726
-7.72808 -6.3417 -3.80502 0.705794 -0.507769 -0.304661
-7.68088 -6.37544 -3.82526 0.709994 -0.504302 -0.302581
-7.63341 -6.40894 -3.84536 0.714177 -0.50081 -0.300486
-7.58566 -6.44221 -3.86533 0.718342 -0.497293 -0.298376
-7.53763 -6.47525 -3.88515 0.722488 -0.493752 -0.296251
-7.48933 -6.50804 -3.90483 0.726616 -0.490185 -0.294111
-7.44075 -6.5406 -3.92436 0.730725 -0.486594 -0.291956
-7.3919 -6.57292 -3.94375 0.734816 -0.482977 -0.289786
-7.34278 -6.605 -3.963 0.738887 -0.479336 -0.287602
-7.29338 -6.63683 -3.9821 0.74294 -0.47567 -0.285402
-7.24372 -6.66842 -4.00105 0.746972 -0.471979 -0.283187
-7.19379 -6.69976 -4.01986 0.750986 -0.468263 -0.280958
-7.14359 -6.73086 -4.03851 0.754979 -0.464522 -0.278713
-7.09312 -6.7617 -4.05702 0.758952 -0.460756 -0.276454
-7.04239 -6.79229 -4.07537 0.762906 -0.456966 -0.274179
-6.9914 -6.82263 -4.09358 0.766838 -0.45315 -0.27189
-6.94015 -6.85271 -4.11163 0.770751 -0.44931 -0.269586
-6.88864 -6.88254 -4.12952 0.774642 -0.445445 -0.267267
-6.83686 -6.9121 -4.14726 0.778512 -0.441555 -0.264933
-6.78483 -6.94141 -4.16485 0.782362 -0.43764 -0.262584
-6.73255 -6.97045 -4.18227 0.78619 -0.433701 -0.26022
-6.68001 -6.99924 -4.19954 0.789996 -0.429736 -0.257842
-6.62722 -7.02775 -4.21665 0.79378 -0.425747 -0.255448
-6.57417 -7.056 -4.2336 0.797542 -0.421733 -0.25304
-6.52088 -7.08398 -4.25039 0.801283 -0.417695 -0.250617
-6.46733 -7.11169 -4.26702 0.805 -0.413632 -0.248179
-6.41354 -7.13913 -4.28348 0.808695 -0.409544 -0.245726
-6.35951 -7.1663 -4.29978 0.812367 -0.405431 -0.243259
-6.30523 -7.19319 -4.31591 0.816016 -0.401294 -0.240776
-6.25071 -7.2198 -4.33188 0.819642 -0.397132 -0.238279
-6.19594 -7.24614 -4.34768 0.823244 -0.392946 -0.235767
-6.14094 -7.2722 -4.36332 0.826822 -0.388735 -0.233241
-6.0857 -7.29797 -4.37878 0.830376 -0.384499 -0.230699
-6.03023 -7.32346 -4.39408 0.833906 -0.380239 -0.228143
-5.97452 -7.34867 -4.4092 0.837412 -0.375954 -0.225573
-5.91857 -7.37359 -4.42415 0.840893 -0.371645 -0.222987
-5.8624 -7.39822 -4.43893 0.844349 -0.367312 -0.220387
-5.80599 -7.42256 -4.45354 0.84778 -0.362954 -0.217772
-5.74936 -7.44661 -4.46797 0.851186 -0.358572 -0.215143
-5.6925 -7.47037 -4.48222 0.854566 -0.354165 -0.212499
-5.63542 -7.49384 -4.4963 0.85792 -0.349734 -0.20984
-5.57811 -7.517 -4.5102 0.861248 -0.345279 -0.207167
-5.52059 -7.53987 -4.52392 0.86455 -0.340799 -0.20448
-5.46284 -7.56244 -4.53747 0.867825 -0.336296 -0.201778
-5.40488 -7.58471 -4.55083 0.871074 -0.331768 -0.199061
-5.3467 -7.60668 -4.56401 0.874295 -0.327216 -0.19633
-5.2883 -7.62834 -4.577 0.877489 -0.32264 -0.193584
-5.2297 -7.6497 -4.58982 0.880656 -0.318041 -0.190824
-5.17088 -7.67074 -4.60245 0.883795 -0.313417 -0.18805
-5.11186 -7.69148 -4.61489 0.886906 -0.308769 -0.185261
-5.05263 -7.71191 -4.62715 0.889989 -0.304097 -0.182458
-4.9932 -7.73203 -4.63922 0.893043 -0.299402 -0.179641
-4.93356 -7.75183 -4.6511 0.896069 -0.294683 -0.17681
-4.87372 -7.77132 -4.66279 0.899065 -0.28994 -0.173964
-4.81368 -7.79049 -4.67429 0.902033 -0.285173 -0.171104
-4.75345 -7.80934 -4.68561 0.90497 -0.280383 -0.16823
-4.69302 -7.82787 -4.69672 0.907878 -0.275569 -0.165341
-4.6324 -7.84608 -4.70765 0.910756 -0.270732 -0.162439
-4.57159 -7.86397 -4.71838 0.913604 -0.265871 -0.159523
-4.51059 -7.88153 -4.72892 0.916421 -0.260987 -0.156592
-4.4494 -7.89877 -4.73926 0.919207 -0.25608 -0.153648
-4.38803 -7.91568 -4.74941 0.921963 -0.251149 -0.15069
-4.32647 -7.93226 -4.75935 0.924687 -0.246196 -0.147717
-4.26474 -7.9485 -4.7691 0.927379 -0.241219 -0.144731
-4.20282 -7.96442 -4.77865 0.930039 -0.236219 -0.141731
-4.14073 -7.98 -4.788 0.932668 -0.231196 -0.138718
-4.07847 -7.99524 -4.79715 0.935264 -0.226151 -0.13569
-4.01603 -8.01015 -4.80609 0.937827 -0.221082 -0.132649
-3.95342 -8.02472 -4.81483 0.940357 -0.215992 -0.129595
-3.89065 -8.03895 -4.82337 0.942854 -0.210878 -0.126527
-3.82771 -8.05284 -4.8317 0.945318 -0.205742 -0.123445
-3.76461 -8.06638 -4.83983 0.947747 -0.200583 -0.12035
-3.70134 -8.07958 -4.84775 0.950143 -0.195402 -0.117241
-3.63792 -8.09243 -4.85546 0.952504 -0.190199 -0.11412
-3.57434 -8.10494 -4.86296 0.954831 -0.184974 -0.110984
