8.39929 0.0999972 0.0599983 -0.0141718 0.999916 0.599949
8.39717 0.199978 0.119987 -0.0283401 0.999663 0.599798
8.39362 0.299924 0.179954 -0.0425017 0.999241 0.599545
8.38867 0.39982 0.239892 -0.056653 0.998651 0.599191
8.38229 0.499649 0.299789 -0.0707906 0.997893 0.598736
8.37451 0.599393 0.359636 -0.0849113 0.996967 0.59818
8.36531 0.699036 0.419422 -0.0990116 0.995873 0.597524
8.35471 0.798562 0.479137 -0.113088 0.994612 0.596767
8.3427 0.897953 0.538772 -0.127137 0.993185 0.595911
8.32928 0.997193 0.598316 -0.141156 0.991591 0.594955
8.31447 1.09627 0.65776 -0.155142 0.989832 0.593899
8.29825 1.19515 0.717093 -0.16909 0.987908 0.592745
8.28065 1.29384 0.776305 -0.182997 0.98582 0.591492
8.26166 1.39231 0.835388 -0.196862 0.983569 0.590141
8.24128 1.49055 0.89433 -0.210679 0.981155 0.588693
8.21952 1.58854 0.953123 -0.224446 0.97858 0.587148
8.19639 1.68626 1.01176 -0.238161 0.975844 0.585506
8.17189 1.7837 1.07022 -0.251818 0.972949 0.583769
8.14603 1.88085 1.12851 -0.265417 0.969895 0.581937
8.11881 1.97768 1.18661 -0.278953 0.966684 0.58001
8.09024 2.07418 1.24451 -0.292424 0.963316 0.57799
8.06033 2.17033 1.3022 -0.305826 0.959794 0.575877
8.02908 2.26613 1.35968 -0.319157 0.956118 0.573671
7.9965 2.36155 1.41693 -0.332413 0.95229 0.571374
7.9626 2.45658 1.47395 -0.345593 0.948312 0.568987
7.92738 2.55121 1.53073 -0.358692 0.944183 0.56651
7.89086 2.64542 1.58725 -0.371709 0.939907 0.563944
7.85304 2.73919 1.64351 -0.38464 0.935484 0.561291
7.81394 2.83251 1.6995 -0.397483 0.930917 0.55855
7.77355 2.92537 1.75522 -0.410236 0.926206 0.555724
7.73189 3.01774 1.81065 -0.422895 0.921354 0.552812
7.68897 3.10963 1.86578 -0.435459 0.916362 0.549817
7.6448 3.20101 1.92061 -0.447924 0.911232 0.546739
7.59939 3.29187 1.97512 -0.460288 0.905966 0.54358
7.55275 3.3822 2.02932 -0.47255 0.900565 0.540339
7.50489 3.47198 2.08319 -0.484706 0.895032 0.537019
7.45581 3.5612 2.13672 -0.496754 0.889368 0.533621
7.40554 3.64985 2.18991 -0.508693 0.883575 0.530145
7.35408 3.73791 2.24275 -0.52052 0.877655 0.526593
7.30144 3.82538 2.29523 -0.532233 0.87161 0.522966
7.24763 3.91223 2.34734 -0.543831 0.865442 0.519265
7.19268 3.99846 2.39908 -0.55531 0.859154 0.515492
7.13658 4.08406 2.45043 -0.566669 0.852746 0.511648
7.07935 4.16901 2.5014 -0.577907 0.846222 0.507733
7.021 4.2533 2.55198 -0.589022 0.839583 0.50375
6.96155 4.33692 2.60215 -0.600012 0.832832 0.499699
6.901 4.41986 2.65192 -0.610874 0.82597 0.495582
6.83938 4.50211 2.70127 -0.621609 0.819 0.4914
6.77668 4.58366 2.75019 -0.632213 0.811924 0.487154
6.71294 4.66449 2.7987 -0.642687 0.804744 0.482846
6.64815 4.7446 2.84676 -0.653027 0.797462 0.478477
6.58234 4.82398 2.89439 -0.663234 0.79008 0.474048
6.51551 4.90262 2.94157 -0.673305 0.782601 0.469561
6.44768 4.9805 2.9883 -0.68324 0.775027 0.465016
6.37886 5.05762 3.03457 -0.693037 0.76736 0.460416
6.30908 5.13397 3.08038 -0.702695 0.759602 0.455761
6.23833 5.20954 3.12572 -0.712213 0.751755 0.451053
6.16664 5.28432 3.17059 -0.721591 0.743823 0.446294
6.09402 5.3583 3.21498 -0.730826 0.735806 0.441484
6.02048 5.43147 3.25888 -0.739919 0.727708 0.436625
5.94604 5.50384 3.3023 -0.748869 0.719529 0.431718
5.87071 5.57538 3.34523 -0.757674 0.711274 0.426764
5.79451 5.64609 3.38765 -0.766334 0.702943 0.421766
5.71745 5.71596 3.42958 -0.774849 0.69454 0.416724
5.63954 5.78499 3.471 -0.783217 0.686065 0.411639
5.56081 5.85317 3.5119 -0.791439 0.677522 0.406513
5.48126 5.9205 3.5523 -0.799513 0.668913 0.401348
5.40091 5.98695 3.59217 -0.80744 0.66024 0.396144
5.31978 6.05254 3.63153 -0.815218 0.651504 0.390903
5.23787 6.11725 3.67035 -0.822848 0.642709 0.385625
5.15521 6.18108 3.70865 -0.83033 0.633856 0.380314
5.07181 6.24402 3.74641 -0.837662 0.624948 0.374969
4.98768 6.30607 3.78364 -0.844846 0.615986 0.369592
4.90285 6.36722 3.82033 -0.85188 0.606973 0.364184
4.81731 6.42746 3.85648 -0.858764 0.597911 0.358746
4.7311 6.4868 3.89208 -0.8655 0.588801 0.353281
4.64422 6.54522 3.92713 -0.872086 0.579647 0.347788
4.55669 6.60273 3.96164 -0.878522 0.570449 0.34227
4.46852 6.65931 3.99559 -0.884809 0.561211 0.336727
4.37973 6.71497 4.02898 -0.890947 0.551934 0.33116
4.29034 6.7697 4.06182 -0.896936 0.542619 0.325572
4.20035 6.82349 4.09409 -0.902776 0.53327 0.319962
4.10978 6.87635 4.12581 -0.908467 0.523888 0.314333
4.01866 6.92827 4.15696 -0.91401 0.514474 0.308684
3.92699 6.97924 4.18755 -0.919405 0.505031 0.303019
3.83478 7.02927 4.21756 -0.924652 0.495561 0.297337
3.74206 7.07835 4.24701 -0.929752 0.486066 0.291639
3.64884 7.12648 4.27589 -0.934705 0.476546 0.285928
3.55513 7.17366 4.3042 -0.939511 0.467005 0.280203
3.46094 7.21988 4.33193 -0.944172 0.457444 0.274467
3.3663 7.26515 4.35909 -0.948687 0.447865 0.268719
3.27121 7.30946 4.38567 -0.953057 0.438269 0.262962
3.17569 7.3528 4.41168 -0.957283 0.428659 0.257195
3.07976 7.39519 4.43711 -0.961365 0.419035 0.251421
2.98342 7.43661 4.46197 -0.965303 0.409401 0.24564
2.8867 7.47707 4.48624 -0.9691 0.399756 0.239854
2.78961 7.51656 4.50994 -0.972754 0.390103 0.234062
2.69215 7.55509 4.53305 -0.976267 0.380444 0.228266
2.59436 7.59265 4.55559 -0.97964 0.37078 0.222468
2.49623 7.62924 4.57755 -0.982873 0.361112 0.216667
2.39779 7.66487 4.59892 -0.985967 0.351443 0.210866
2.29904 7.69953 4.61972 -0.988924 0.341773 0.205064
2.20001 7.73323 4.63994 -0.991742 0.332105 0.199263
2.1007 7.76595 4.65957 -0.994424 0.322439 0.193463
2.00113 7.79772 4.67863 -0.996971 0.312777 0.187666
1.90131 7.82851 4.69711 -0.999382 0.30312 0.181872
1.80126 7.85834 4.715 -1.00166 0.293471 0.176082
1.70098 7.8872 4.73232 -1.0038 0.283829 0.170298
1.6005 7.91511 4.74906 -1.00582 0.274197 0.164518
1.49982 7.94204 4.76523 -1.0077 0.264576 0.158746
1.39896 7.96802 4.78081 -1.00945 0.254967 0.15298
1.29794 7.99304 4.79582 -1.01107 0.245371 0.147223
1.19675 8.0171 4.81026 -1.01256 0.23579 0.141474
1.09543 8.0402 4.82412 -1.01393 0.226225 0.135735
0.993972 8.06234 4.8374 -1.01517 0.216676 0.130006
0.892399 8.08353 4.85012 -1.01628 0.207146 0.124288
0.79072 8.10377 4.86226 -1.01727 0.197635 0.118581
0.688949 8.12306 4.87384 -1.01814 0.188144 0.112886
0.587097 8.1414 4.88484 -1.01888 0.178675 0.107205
0.485177 8.1588 4.89528 -1.0195 0.169228 0.101537
0.383201 8.17525 4.90515 -1.02 0.159805 0.095883
0.281181 8.19076 4.91445 -1.02038 0.150406 0.0902438
0.179128 8.20533 4.9232 -1.02065 0.141033 0.08462
0.0770555 8.21897 4.93138 -1.02079 0.131687 0.0790121
-0.0250261 8.23167 4.939 -1.02082 0.122368 0.0734208
-0.127105 8.24344 4.94606 -1.02074 0.113077 0.0678465
-0.229169 8.25428 4.95257 -1.02054 0.103816 0.0622897
-0.331208 8.2642 4.95852 -1.02022 0.0945853 0.0567512
-0.43321 8.2732 4.96392 -1.0198 0.0853855 0.0512313
-0.535164 8.28128 4.96877 -1.01926 0.0762176 0.0457305
-0.637059 8.28845 4.97307 -1.01861 0.0670824 0.0402495
-0.738883 8.2947 4.97682 -1.01786 0.0579809 0.0347885
-0.840627 8.30004 4.98003 -1.017 0.0489137 0.0293482
-0.942279 8.30448 4.98269 -1.01603 0.0398817 0.023929
-1.04383 8.30802 4.98481 -1.01495 0.0308855 0.0185313
-1.14527 8.31066 4.9864 -1.01377 0.021926 0.0131556
-1.24658 8.31241 4.98744 -1.01249 0.0130037 0.00780223
-1.34776 8.31326 4.98796 -1.0111 0.00411949 0.0024717
-1.4488 8.31323 4.98794 -1.00961 -0.00472606 -0.00283563
-1.54968 8.31232 4.98739 -1.00803 -0.0135323 -0.00811936
-1.6504 8.31053 4.98632 -1.00634 -0.0222985 -0.0133791
-1.75094 8.30786 4.98472 -1.00455 -0.0310242 -0.0186145
-1.85131 8.30432 4.98259 -1.00267 -0.0397086 -0.0238252
-1.95147 8.29992 4.97995 -1.00069 -0.0483513 -0.0290108
-2.05144 8.29466 4.97679 -0.998615 -0.0569516 -0.034171
-2.15119 8.28853 4.97312 -0.996446 -0.0655091 -0.0393054
-2.25073 8.28156 4.96893 -0.994185 -0.0740231 -0.0444138
-2.35003 8.27373 4.96424 -0.991831 -0.0824931 -0.0494959
-2.44909 8.26506 4.95904 -0.989386 -0.0909187 -0.0545512
-2.5479 8.25555 4.95333 -0.986851 -0.0992993 -0.0595796
-2.64646 8.2452 4.94712 -0.984227 -0.107634 -0.0645807
-2.74474 8.23402 4.94041 -0.981515 -0.115924 -0.0695543
-2.84276 8.22202 4.93321 -0.978717 -0.124167 -0.0745
-2.94049 8.20919 4.92551 -0.975832 -0.132363 -0.0794177
-3.03792 8.19555 4.91733 -0.972862 -0.140512 -0.0843071
-3.13506 8.18109 4.90865 -0.969809 -0.148613 -0.0891679
-3.23188 8.16582 4.89949 -0.966672 -0.156667 -0.0939999
-3.32839 8.14976 4.88985 -0.963453 -0.164672 -0.0988029
-3.42457 8.13289 4.87974 -0.960154 -0.172628 -0.103577
-3.52041 8.11523 4.86914 -0.956774 -0.180535 -0.108321
-3.61592 8.09679 4.85807 -0.953315 -0.188393 -0.113036
-3.71108 8.07756 4.84653 -0.949778 -0.196201 -0.11772
-3.80587 8.05755 4.83453 -0.946164 -0.203959 -0.122375
-3.90031 8.03677 4.82206 -0.942473 -0.211666 -0.127
-3.99437 8.01522 4.80913 -0.938708 -0.219323 -0.131594
-4.08804 7.9929 4.79574 -0.934868 -0.226928 -0.136157
-4.18134 7.96983 4.7819 -0.930954 -0.234483 -0.14069
-4.27423 7.94601 4.76761 -0.926968 -0.241986 -0.145192
-4.36673 7.92144 4.75286 -0.92291 -0.249437 -0.149662
-4.45881 7.89612 4.73767 -0.918782 -0.256836 -0.154102
-4.55048 7.87007 4.72204 -0.914584 -0.264183 -0.15851
-4.64173 7.84329 4.70597 -0.910317 -0.271478 -0.162887
-4.73254 7.81578 4.68947 -0.905982 -0.278719 -0.167232
-4.82292 7.78755 4.67253 -0.901579 -0.285908 -0.171545
-4.91286 7.7586 4.65516 -0.897111 -0.293044 -0.175826
-5.00234 7.72894 4.63736 -0.892576 -0.300126 -0.180076
-5.09137 7.69857 4.61914 -0.887978 -0.307155 -0.184293
-5.17993 7.66751 4.60051 -0.883315 -0.31413 -0.188478
-5.26803 7.63575 4.58145 -0.87859 -0.321051 -0.192631
-5.35565 7.6033 4.56198 -0.873803 -0.327919 -0.196751
-5.44279 7.57017 4.5421 -0.868954 -0.334732 -0.200839
-5.52944 7.53636 4.52181 -0.864045 -0.341491 -0.204894
-5.6156 7.50187 4.50112 -0.859076 -0.348195 -0.208917
-5.70125 7.46672 4.48003 -0.854048 -0.354845 -0.212907
-5.7864 7.43091 4.45854 -0.848963 -0.36144 -0.216864
-5.87104 7.39443 4.43666 -0.84382 -0.36798 -0.220788
-5.95517 7.35731 4.41439 -0.838621 -0.374466 -0.22468
-6.03877 7.31954 4.39173 -0.833366 -0.380896 -0.228538
-6.12184 7.28113 4.36868 -0.828056 -0.387272 -0.232363
-6.20437 7.24209 4.34525 -0.822692 -0.393592 -0.236155
-6.28637 7.20242 4.32145 -0.817275 -0.399857 -0.239914
-6.36783 7.16212 4.29727 -0.811805 -0.406066 -0.24364
-6.44873 7.12121 4.27272 -0.806283 -0.41222 -0.247332
-6.52908 7.07968 4.24781 -0.800709 -0.418318 -0.250991
-6.60887 7.03754 4.22253 -0.795086 -0.424361 -0.254617
-6.6881 6.99481 4.19688 -0.789412 -0.430349 -0.258209
-6.76675 6.95148 4.17089 -0.78369 -0.43628 -0.261768
-6.84483 6.90755 4.14453 -0.777919 -0.442156 -0.265293
-6.92234 6.86305 4.11783 -0.772101 -0.447976 -0.268785
-6.99925 6.81796 4.09078 -0.766235 -0.45374 -0.272244
-7.07558 6.7723 4.06338 -0.760324 -0.459448 -0.275669
-7.15132 6.72607 4.03564 -0.754367 -0.4651 -0.27906
-7.22645 6.67928 4.00757 -0.748364 -0.470696 -0.282418
-7.30099 6.63194 3.97916 -0.742318 -0.476236 -0.285742
-7.37492 6.58404 3.95042 -0.736228 -0.481721 -0.289032
-7.44823 6.53559 3.92136 -0.730095 -0.487149 -0.292289
-7.52093 6.48661 3.89197 -0.72392 -0.492521 -0.295513
-7.59301 6.43709 3.86225 -0.717703 -0.497837 -0.298702
-7.66447 6.38704 3.83223 -0.711445 -0.503097 -0.301858
-7.7353 6.33647 3.80188 -0.705146 -0.508301 -0.30498
-7.8055 6.28539 3.77123 -0.698808 -0.513449 -0.308069
-7.87506 6.23379 3.74027 -0.692431 -0.51854 -0.311124
-7.94399 6.18168 3.70901 -0.686015 -0.523576 -0.314146
-8.01226 6.12907 3.67744 -0.679561 -0.528555 -0.317133
-8.0799 6.07597 3.64558 -0.673069 -0.533479 -0.320087
-8.14688 6.02238 3.61343 -0.666541 -0.538346 -0.323008
-8.2132 5.9683 3.58098 -0.659977 -0.543157 -0.325894
-8.27887 5.91375 3.54825 -0.653376 -0.547913 -0.328748
-8.34388 5.85872 3.51523 -0.646741 -0.552612 -0.331567
-8.40822 5.80323 3.48194 -0.640071 -0.557255 -0.334353
-8.47189 5.74727 3.44836 -0.633368 -0.561842 -0.337105
-8.53489 5.69086 3.41452 -0.626631 -0.566373 -0.339824
-8.59722 5.634 3.3804 -0.619861 -0.570848 -0.342509
-8.65886 5.57669 3.34602 -0.613058 -0.575268 -0.345161
-8.71983 5.51895 3.31137 -0.606224 -0.579631 -0.347778
-8.78011 5.46077 3.27646 -0.599359 -0.583938 -0.350363
-8.8397 5.40216 3.2413 -0.592463 -0.58819 -0.352914
-8.8986 5.34313 3.20588 -0.585537 -0.592386 -0.355431
-8.9568 5.28369 3.17021 -0.578581 -0.596525 -0.357915
-9.01431 5.22383 3.1343 -0.571596 -0.60061 -0.360366
-9.07112 5.16357 3.09814 -0.564582 -0.604638 -0.362783
-9.12723 5.1029 3.06174 -0.55754 -0.608611 -0.365166
-9.18263 5.04185 3.02511 -0.55047 -0.612528 -0.367517
-9.23732 4.9804 2.98824 -0.543373 -0.616389 -0.369833
-9.2913 4.91857 2.95114 -0.53625 -0.620195 -0.372117
-9.34457 4.85636 2.91382 -0.5291 -0.623945 -0.374367
-9.39712 4.79378 2.87627 -0.521925 -0.62764 -0.376584
-9.44895 4.73084 2.8385 -0.514724 -0.631279 -0.378767
-9.50007 4.66753 2.80052 -0.507498 -0.634863 -0.380918
-9.55045 4.60387 2.76232 -0.500248 -0.638391 -0.383035
-9.60011 4.53985 2.72391 -0.492975 -0.641864 -0.385118
-9.64905 4.4755 2.6853 -0.485678 -0.645282 -0.387169
-9.69725 4.4108 2.64648 -0.478357 -0.648644 -0.389186
-9.74472 4.34577 2.60746 -0.471015 -0.651951 -0.391171
-9.79145 4.28041 2.56825 -0.46365 -0.655203 -0.393122
-9.83745 4.21473 2.52884 -0.456264 -0.6584 -0.39504
-9.8827 4.14873 2.48924 -0.448856 -0.661541 -0.396925
-9.92722 4.08242 2.44945 -0.441428 -0.664628 -0.398777
-9.97099 4.01581 2.40949 -0.433979 -0.667659 -0.400596
-10.014 3.94889 2.36934 -0.42651 -0.670636 -0.402382
-10.0563 3.88168 2.32901 -0.419022 -0.673557 -0.404134
-10.0978 3.81418 2.28851 -0.411515 -0.676424 -0.405854
-10.1386 3.7464 2.24784 -0.403989 -0.679236 -0.407541
-10.1786 3.67834 2.207 -0.396445 -0.681993 -0.409196
-10.2179 3.61 2.166 -0.388884 -0.684695 -0.410817
-10.2564 3.5414 2.12484 -0.381304 -0.687342 -0.412405
-10.2941 3.47254 2.08352 -0.373708 -0.689935 -0.413961
-10.3311 3.40342 2.04205 -0.366095 -0.692473 -0.415484
-10.3674 3.33404 2.00043 -0.358466 -0.694956 -0.416974
-10.4028 3.26443 1.95866 -0.350821 -0.697385 -0.418431
-10.4375 3.19457 1.91674 -0.34316 -0.699759 -0.419856
-10.4715 3.12448 1.87469 -0.335485 -0.702079 -0.421247
-10.5046 3.05416 1.83249 -0.327794 -0.704344 -0.422606
-10.537 2.98361 1.79017 -0.32009 -0.706555 -0.423933
-10.5686 2.91285 1.74771 -0.312371 -0.708711 -0.425227
-10.5995 2.84187 1.70512 -0.304639 -0.710813 -0.426488
-10.6296 2.77069 1.66241 -0.296894 -0.712861 -0.427717
-10.6589 2.6993 1.61958 -0.289136 -0.714854 -0.428913
-10.6874 2.62772 1.57663 -0.281366 -0.716794 -0.430076
-10.7151 2.55594 1.53357 -0.273583 -0.718678 -0.431207
-10.7421 2.48398 1.49039 -0.265789 -0.720509 -0.432305
-10.7683 2.41184 1.44711 -0.257983 -0.722286 -0.433371
-10.7937 2.33953 1.40372 -0.250167 -0.724008 -0.434405
-10.8183 2.26704 1.36023 -0.24234 -0.725677 -0.435406
-10.8422 2.19439 1.31664 -0.234502 -0.727291 -0.436374
-10.8652 2.12159 1.27295 -0.226655 -0.728851 -0.437311
-10.8875 2.04863 1.22918 -0.218798 -0.730357 -0.438214
-10.909 1.97552 1.18531 -0.210932 -0.73181 -0.439086
-10.9297 1.90227 1.14136 -0.203057 -0.733208 -0.439925
-10.9496 1.82888 1.09733 -0.195174 -0.734552 -0.440731
-10.9687 1.75536 1.05321 -0.187282 -0.735843 -0.441506
-10.9871 1.68171 1.00903 -0.179383 -0.737079 -0.442248
-11.0046 1.60794 0.964766 -0.171476 -0.738262 -0.442957
-11.0214 1.53406 0.920436 -0.163562 -0.739391 -0.443635
-11.0373 1.46007 0.87604 -0.155641 -0.740466 -0.44428
-11.0525 1.38597 0.831581 -0.147713 -0.741488 -0.444893
-11.0669 1.31177 0.787062 -0.13978 -0.742455 -0.445473
-11.0804 1.23748 0.742487 -0.131841 -0.743369 -0.446021
-11.0932 1.1631 0.697859 -0.123896 -0.744229 -0.446537
-11.1052 1.08863 0.653181 -0.115946 -0.745036 -0.447021
-11.1164 1.01409 0.608456 -0.107992 -0.745788 -0.447473
-11.1268 0.939479 0.563687 -0.100033 -0.746487 -0.447892
-11.1364 0.864797 0.518878 -0.0920698 -0.747133 -0.44828
-11.1452 0.790054 0.474032 -0.0841029 -0.747724 -0.448635
-11.1532 0.715254 0.429153 -0.0761325 -0.748262 -0.448957
-11.1605 0.640403 0.384242 -0.0681591 -0.748747 -0.449248
-11.1669 0.565507 0.339304 -0.0601828 -0.749178 -0.449507
-11.1725 0.49057 0.294342 -0.0522041 -0.749555 -0.449733
-11.1773 0.415598 0.249359 -0.0442232 -0.749878 -0.449927
-11.1813 0.340596 0.204357 -0.0362406 -0.750148 -0.450089
-11.1846 0.26557 0.159342 -0.0282564 -0.750365 -0.450219
-11.187 0.190525 0.114315 -0.0202711 -0.750528 -0.450317
-11.1886 0.115466 0.0692796 -0.012285 -0.750637 -0.450382
-11.1894 0.0403991 0.0242394 -0.00429835 -0.750692 -0.450415
-11.1895 -0.0346707 -0.0208024 0.00368846 -0.750694 -0.450417
-11.1887 -0.109738 -0.0658428 0.0116751 -0.750643 -0.450386
-11.1871 -0.184798 -0.110879 0.0196613 -0.750538 -0.450323
-11.1848 -0.259844 -0.155906 0.0276467 -0.750379 -0.450227
-11.1816 -0.334872 -0.200923 0.0356309 -0.750167 -0.4501
-11.1776 -0.409875 -0.245925 0.0436137 -0.749901 -0.449941
-11.1729 -0.48485 -0.29091 0.0515947 -0.749581 -0.449749
-11.1673 -0.55979 -0.335874 0.0595736 -0.749208 -0.449525
-11.161 -0.63469 -0.380814 0.0675501 -0.748782 -0.449269
-11.1538 -0.709544 -0.425727 0.0755238 -0.748301 -0.448981
-11.1459 -0.784348 -0.470609 0.0834943 -0.747767 -0.44866
-11.1371 -0.859096 -0.515458 0.0914615 -0.74718 -0.448308
-11.1276 -0.933782 -0.560269 0.0994249 -0.746538 -0.447923
-11.1172 -1.0084 -0.605041 0.107384 -0.745843 -0.447506
-11.1061 -1.08295 -0.64977 0.115339 -0.745095 -0.447057
-11.0942 -1.15742 -0.694451 0.123289 -0.744293 -0.446576
-11.0814 -1.23181 -0.739084 0.131234 -0.743437 -0.446062
-11.0679 -1.3061 -0.783663 0.139174 -0.742527 -0.445516
-11.0536 -1.38031 -0.828186 0.147108 -0.741563 -0.444938
-11.0385 -1.45442 -0.872649 0.155036 -0.740546 -0.444328
-11.0226 -1.52842 -0.91705 0.162957 -0.739475 -0.443685
-11.0059 -1.60231 -0.961385 0.170871 -0.73835 -0.44301
-10.9884 -1.67609 -1.00565 0.178779 -0.737172 -0.442303
-10.9701 -1.74974 -1.04984 0.186679 -0.735939 -0.441563
-10.9511 -1.82327 -1.09396 0.194571 -0.734653 -0.440792
-10.9312 -1.89667 -1.138 0.202455 -0.733312 -0.439987
-10.9106 -1.96993 -1.18196 0.210331 -0.731918 -0.439151
-10.8892 -2.04305 -1.22583 0.218198 -0.73047 -0.438282
-10.867 -2.11602 -1.26961 0.226055 -0.728968 -0.437381
-10.844 -2.18884 -1.31331 0.233903 -0.727412 -0.436447
-10.8202 -2.2615 -1.3569 0.241741 -0.725802 -0.435481
-10.7956 -2.334 -1.4004 0.249569 -0.724137 -0.434482
-10.7703 -2.40633 -1.4438 0.257387 -0.722419 -0.433451
-10.7441 -2.47848 -1.48709 0.265193 -0.720647 -0.432388
-10.7172 -2.55046 -1.53027 0.272988 -0.71882 -0.431292
-10.6895 -2.62225 -1.57335 0.280772 -0.716939 -0.430164
-10.6611 -2.69384 -1.61631 0.288543 -0.715004 -0.429003
-10.6318 -2.76525 -1.65915 0.296302 -0.713015 -0.427809
-10.6018 -2.83645 -1.70187 0.304048 -0.710971 -0.426583
-10.571 -2.90744 -1.74446 0.311781 -0.708874 -0.425324
-10.5395 -2.97822 -1.78693 0.319501 -0.706721 -0.424033
-10.5071 -3.04878 -1.82927 0.327206 -0.704515 -0.422709
-10.474 -3.11912 -1.87147 0.334898 -0.702254 -0.421352
-10.4401 -3.18923 -1.91354 0.342574 -0.699938 -0.419963
-10.4055 -3.2591 -1.95546 0.350236 -0.697568 -0.418541
-10.3701 -3.32874 -1.99724 0.357882 -0.695144 -0.417086
-10.3339 -3.39813 -2.03888 0.365513 -0.692664 -0.415599
-10.297 -3.46727 -2.08036 0.373127 -0.690131 -0.414078
-10.2593 -3.53616 -2.12169 0.380725 -0.687542 -0.412525
-10.2208 -3.60478 -2.16287 0.388305 -0.684899 -0.410939
-10.1816 -3.67313 -2.20388 0.395869 -0.682201 -0.409321
-10.1417 -3.74122 -2.24473 0.403414 -0.679448 -0.407669
-10.101 -3.80902 -2.28541 0.410941 -0.676641 -0.405984
-10.0595 -3.87654 -2.32593 0.41845 -0.673778 -0.404267
-10.0173 -3.94378 -2.36627 0.425939 -0.670861 -0.402517
-9.9743 -4.01071 -2.40643 0.433409 -0.667889 -0.400733
-9.93059 -4.07735 -2.44641 0.44086 -0.664861 -0.398917
-9.88613 -4.14368 -2.48621 0.448289 -0.661779 -0.397067
-9.84093 -4.20971 -2.52582 0.455699 -0.658642 -0.395185
-9.79499 -4.27541 -2.56525 0.463087 -0.655449 -0.393269
-9.74831 -4.34079 -2.60448 0.470453 -0.652201 -0.391321
-9.7009 -4.40585 -2.64351 0.477797 -0.648898 -0.389339
-9.65275 -4.47057 -2.68234 0.485119 -0.64554 -0.387324
-9.60388 -4.53496 -2.72097 0.492418 -0.642127 -0.385276
-9.55427 -4.59899 -2.7594 0.499694 -0.638658 -0.383195
-9.50394 -4.66268 -2.79761 0.506945 -0.635134 -0.38108
-9.45288 -4.72602 -2.83561 0.514173 -0.631554 -0.378933
-9.40111 -4.78899 -2.8734 0.521376 -0.62792 -0.376752
-9.34861 -4.8516 -2.91096 0.528553 -0.624229 -0.374537
-9.2954 -4.91384 -2.9483 0.535705 -0.620483 -0.37229
-9.24147 -4.9757 -2.98542 0.54283 -0.616682 -0.370009
-9.18683 -5.03717 -3.0223 0.549929 -0.612824 -0.367695
-9.13148 -5.09826 -3.05896 0.557001 -0.608912 -0.365347
-9.07543 -5.15895 -3.09537 0.564045 -0.604943 -0.362966
-9.01868 -5.21925 -3.13155 0.571061 -0.600919 -0.360551
-8.96122 -5.27913 -3.16748 0.578048 -0.596839 -0.358104
-8.90307 -5.33861 -3.20317 0.585006 -0.592704 -0.355622
-8.84422 -5.39767 -3.2386 0.591935 -0.588512 -0.353107
-8.78468 -5.45631 -3.27379 0.598833 -0.584265 -0.350559
-8.72445 -5.51452 -3.30871 0.605701 -0.579962 -0.347977
-8.66354 -5.5723 -3.34338 0.612537 -0.575603 -0.345362
-8.60195 -5.62964 -3.37779 0.619342 -0.571188 -0.342713
-8.53967 -5.68654 -3.41192 0.626115 -0.566717 -0.34003
-8.47673 -5.74298 -3.44579 0.632854 -0.56219 -0.337314
-8.4131 -5.79898 -3.47939 0.639561 -0.557607 -0.334564
-8.34881 -5.8545 -3.5127 0.646233 -0.552968 -0.331781
-8.28386 -5.90957 -3.54574 0.652871 -0.548273 -0.328964
-8.21824 -5.96416 -3.57849 0.659473 -0.543522 -0.326113
-8.15197 -6.01827 -3.61096 0.666041 -0.538715 -0.323229
-8.08503 -6.0719 -3.64314 0.672572 -0.533852 -0.320311
-8.01745 -6.12504 -3.67502 0.679066 -0.528933 -0.31736
-7.94922 -6.17768 -3.70661 0.685523 -0.523958 -0.314375
-7.88035 -6.22983 -3.7379 0.691942 -0.518927 -0.311356
-7.81084 -6.28147 -3.76888 0.698322 -0.513839 -0.308304
-7.74069 -6.33259 -3.79956 0.704663 -0.508696 -0.305217
-7.6699 -6.3832 -3.82992 0.710965 -0.503496 -0.302098
-7.59849 -6.43329 -3.85997 0.717226 -0.498241 -0.298944
-7.52646 -6.48285 -3.88971 0.723446 -0.492929 -0.295757
-7.45381 -6.53188 -3.91913 0.729625 -0.487561 -0.292537
-7.38054 -6.58036 -3.94822 0.735761 -0.482137 -0.289282
-7.30666 -6.6283 -3.97698 0.741854 -0.476657 -0.285994
-7.23217 -6.67569 -4.00541 0.747904 -0.471121 -0.282673
-7.15708 -6.72252 -4.03351 0.753909 -0.465529 -0.279318
-7.08139 -6.76879 -4.06128 0.75987 -0.459881 -0.275929
-7.0051 -6.8145 -4.0887 0.765785 -0.454177 -0.272506
-6.92823 -6.85963 -4.11578 0.771654 -0.448418 -0.269051
-6.85077 -6.90418 -4.14251 0.777476 -0.442602 -0.265561
-6.77274 -6.94815 -4.16889 0.783251 -0.436731 -0.262038
-6.69413 -6.99152 -4.19491 0.788977 -0.430803 -0.258482
-6.61494 -7.03431 -4.22058 0.794654 -0.42482 -0.254892
-6.5352 -7.07649 -4.24589 0.800281 -0.418782 -0.251269
-6.45489 -7.11806 -4.27084 0.805858 -0.412688 -0.247613
-6.37403 -7.15902 -4.29541 0.811384 -0.406538 -0.243923
-6.29261 -7.19937 -4.31962 0.816858 -0.400333 -0.2402
-6.21066 -7.23909 -4.34345 0.82228 -0.394072 -0.236443
-6.12816 -7.27818 -4.36691 0.827648 -0.387756 -0.232654
-6.04513 -7.31664 -4.38998 0.832962 -0.381385 -0.228831
-5.96157 -7.35445 -4.41267 0.838221 -0.374959 -0.224975
-5.87749 -7.39163 -4.43498 0.843425 -0.368478 -0.221087
-5.79289 -7.42815 -4.45689 0.848572 -0.361941 -0.217165
-5.70777 -7.46401 -4.47841 0.853662 -0.35535 -0.21321
-5.62216 -7.49922 -4.49953 0.858694 -0.348705 -0.209223
-5.53604 -7.53375 -4.52025 0.863667 -0.342005 -0.205203
-5.44942 -7.56761 -4.54057 0.868581 -0.33525 -0.20115
-5.36232 -7.6008 -4.56048 0.873434 -0.328441 -0.197064
-5.27474 -7.6333 -4.57998 0.878226 -0.321578 -0.192947
-5.18668 -7.66511 -4.59907 0.882956 -0.31466 -0.188796
-5.09815 -7.69623 -4.61774 0.887623 -0.307689 -0.184614
-5.00916 -7.72665 -4.63599 0.892227 -0.300665 -0.180399
-4.91971 -7.75636 -4.65382 0.896766 -0.293586 -0.176152
-4.82981 -7.78536 -4.67122 0.90124 -0.286455 -0.171873
-4.73946 -7.81365 -4.68819 0.905647 -0.27927 -0.167562
-4.64868 -7.84122 -4.70473 0.909988 -0.272032 -0.163219
-4.55747 -7.86806 -4.72083 0.91426 -0.264742 -0.158845
-4.46583 -7.89416 -4.7365 0.918463 -0.257399 -0.15444
-4.37378 -7.91953 -4.75172 0.922597 -0.250004 -0.150002
-4.28131 -7.94416 -4.7665 0.92666 -0.242557 -0.145534
-4.18845 -7.96804 -4.78083 0.930652 -0.235058 -0.141035
-4.09518 -7.99117 -4.7947 0.934571 -0.227507 -0.136504
-4.00153 -8.01354 -4.80813 0.938417 -0.219905 -0.131943
-3.9075 -8.03515 -4.82109 0.942188 -0.212253 -0.127352
-3.8131 -8.05599 -4.8336 0.945884 -0.204549 -0.122729
-3.71833 -8.07606 -4.84564 0.949504 -0.196795 -0.118077
-3.6232 -8.09535 -4.85721 0.953047 -0.188991 -0.113395
-3.52772 -8.11386 -4.86831 0.956512 -0.181137 -0.108682
-3.4319 -8.13158 -4.87895 0.959898 -0.173234 -0.10394
-3.33575 -8.1485 -4.8891 0.963204 -0.165281 -0.0991687
-3.23926 -8.16463 -4.89878 0.966429 -0.15728 -0.0943679
-3.14246 -8.17996 -4.90797 0.969571 -0.14923 -0.0895381
-3.04535 -8.19447 -4.91668 0.972632 -0.141132 -0.0846795
-2.94794 -8.20818 -4.92491 0.975608 -0.132987 -0.0797923
-2.85023 -8.22107 -4.93264 0.978499 -0.124795 -0.0748767
-2.75224 -8.23314 -4.93988 0.981304 -0.116555 -0.0699331
-2.65398 -8.24438 -4.94663 0.984023 -0.108269 -0.0649616
-2.55544 -8.25479 -4.95287 0.986653 -0.0999377 -0.0599626
-2.45665 -8.26437 -4.95862 0.989195 -0.0915606 -0.0549363
-2.3576 -8.2731 -4.96386 0.991647 -0.0831384 -0.0498831
-2.25832 -8.28099 -4.9686 0.994008 -0.0746718 -0.0448031
-2.15881 -8.28803 -4.97282 0.996276 -0.0661611 -0.0396967
-2.05907 -8.29422 -4.97653 0.998452 -0.057607 -0.0345642
-1.95912 -8.29955 -4.97973 1.00053 -0.0490099 -0.029406
-1.85897 -8.30402 -4.98241 1.00252 -0.0403705 -0.0242223
-1.75862 -8.30763 -4.98458 1.00441 -0.0316892 -0.0190135
-1.65809 -8.31036 -4.98622 1.0062 -0.0229667 -0.01378
-1.55738 -8.31222 -4.98733 1.0079 -0.0142035 -0.00852212
-1.45651 -8.3132 -4.98792 1.0095 -0.00540035 -0.00324021
-1.35548 -8.3133 -4.98798 1.01099 0.00344221 0.00206532
-1.25432 -8.31251 -4.98751 1.01238 0.0123235 0.0073941
-1.15301 -8.31083 -4.9865 1.01368 0.0212428 0.0127457
-1.05158 -8.30826 -4.98496 1.01486 0.0301996 0.0181197
-0.950042 -8.30479 -4.98287 1.01595 0.0391929 0.0235158
-0.848397 -8.30042 -4.98025 1.01693 0.0482223 0.0289334
-0.74666 -8.29514 -4.97709 1.0178 0.0572868 0.0343721
-0.644841 -8.28896 -4.97338 1.01856 0.0663857 0.0398314
-0.542952 -8.28187 -4.96912 1.01922 0.0755183 0.045311
-0.441002 -8.27386 -4.96431 1.01976 0.0846837 0.0508102
-0.339003 -8.26493 -4.95896 1.02019 0.0938811 0.0563287
-0.236967 -8.25508 -4.95305 1.02052 0.10311 0.0618658
-0.134904 -8.24431 -4.94658 1.02072 0.112369 0.0674212
-0.032826 -8.2326 -4.93956 1.02082 0.121657 0.0729941
0.0692558 -8.21997 -4.93198 1.0208 0.130974 0.0785842
0.17133 -8.20641 -4.92385 1.02066 0.140318 0.0841909
0.273384 -8.19191 -4.91515 1.02041 0.149689 0.0898135
0.375407 -8.17647 -4.90588 1.02003 0.159086 0.0954515
0.477387 -8.16009 -4.89605 1.01954 0.168507 0.101104
0.579312 -8.14277 -4.88566 1.01893 0.177952 0.106771
0.681169 -8.1245 -4.8747 1.0182 0.18742 0.112452
0.782947 -8.10528 -4.86317 1.01734 0.196909 0.118145
0.884633 -8.08512 -4.85107 1.01636 0.206418 0.123851
0.986215 -8.064 -4.8384 1.01526 0.215947 0.129568
1.08768 -8.04193 -4.82516 1.01403 0.225494 0.135297
1.18902 -8.0189 -4.81134 1.01267 0.235058 0.141035
1.29021 -7.99491 -4.79695 1.01119 0.244638 0.146783
1.39125 -7.96997 -4.78198 1.00958 0.254233 0.15254
1.49212 -7.94407 -4.76644 1.00784 0.263841 0.158305
1.59281 -7.9172 -4.75032 1.00597 0.273461 0.164077
1.69331 -7.88938 -4.73363 1.00396 0.283093 0.169856
1.7936 -7.86058 -4.71635 1.00183 0.292733 0.17564
1.89367 -7.83083 -4.6985 0.999561 0.302382 0.181429
1.99351 -7.80011 -4.68006 0.997159 0.312038 0.187223
2.0931 -7.76842 -4.66105 0.994623 0.3217 0.19302
2.19243 -7.73577 -4.64146 0.991952 0.331366 0.198819
2.29148 -7.70215 -4.62129 0.989143 0.341034 0.20462
2.39025 -7.66756 -4.60054 0.986198 0.350704 0.210422
2.48872 -7.63201 -4.5792 0.983114 0.360373 0.216224
2.58687 -7.59549 -4.55729 0.979892 0.370041 0.222024
2.68469 -7.558 -4.5348 0.97653 0.379705 0.227823
2.78217 -7.51954 -4.51173 0.973027 0.389365 0.233619
2.87929 -7.48013 -4.48808 0.969384 0.399018 0.239411
2.97604 -7.43974 -4.46384 0.965598 0.408663 0.245198
3.07241 -7.39839 -4.43904 0.96167 0.418299 0.250979
3.16837 -7.35608 -4.41365 0.9576 0.427924 0.256754
3.26392 -7.31281 -4.38769 0.953385 0.437535 0.262521
3.35905 -7.26858 -4.36115 0.949026 0.447132 0.268279
3.45372 -7.22338 -4.33403 0.944522 0.456713 0.274028
3.54795 -7.17723 -4.30634 0.939872 0.466275 0.279765
3.64169 -7.13013 -4.27808 0.935077 0.475818 0.285491
3.73496 -7.08207 -4.24924 0.930135 0.485338 0.291203
3.82772 -7.03306 -4.21984 0.925047 0.494836 0.296902
3.91996 -6.9831 -4.18986 0.919811 0.504308 0.302585
4.01167 -6.9322 -4.15932 0.914427 0.513753 0.308252
4.10284 -6.88035 -4.12821 0.908896 0.523169 0.313901
4.19345 -6.82757 -4.09654 0.903216 0.532554 0.319532
4.28348 -6.77385 -4.06431 0.897387 0.541906 0.325143
4.37292 -6.71919 -4.03151 0.89141 0.551223 0.330734
4.46176 -6.6636 -3.99816 0.885283 0.560503 0.336302
4.54997 -6.60709 -3.96425 0.879008 0.569744 0.341847
4.63755 -6.54965 -3.92979 0.872583 0.578945 0.347367
4.72448 -6.4913 -3.89478 0.866008 0.588103 0.352862
4.81075 -6.43204 -3.85922 0.859284 0.597216 0.358329
4.89634 -6.37186 -3.82312 0.852411 0.606282 0.363769
4.98123 -6.31078 -3.78647 0.845388 0.615298 0.369179
5.06541 -6.2488 -3.74928 0.838217 0.624264 0.374559
5.14886 -6.18593 -3.71156 0.830895 0.633177 0.379906
5.23158 -6.12217 -3.6733 0.823425 0.642034 0.38522
5.31354 -6.05752 -3.63451 0.815807 0.650834 0.3905
5.39474 -5.992 -3.5952 0.808039 0.659574 0.395744
5.47515 -5.92561 -3.55537 0.800124 0.668252 0.400951
5.55476 -5.85836 -3.51501 0.792061 0.676866 0.40612
5.63355 -5.79024 -3.47414 0.783851 0.685414 0.411248
5.71152 -5.72128 -3.43277 0.775494 0.693894 0.416336
5.78865 -5.65146 -3.39088 0.76699 0.702303 0.421382
5.86492 -5.58082 -3.34849 0.758341 0.710639 0.426384
5.94031 -5.50934 -3.3056 0.749547 0.718901 0.43134
6.01482 -5.43704 -3.26222 0.740609 0.727085 0.436251
6.08843 -5.36393 -3.21836 0.731527 0.735189 0.441114
6.16112 -5.29 -3.174 0.722302 0.743212 0.445927
6.23288 -5.21529 -3.12917 0.712935 0.751152 0.450691
6.3037 -5.13978 -3.08387 0.703428 0.759005 0.455403
6.37357 -5.06349 -3.03809 0.69378 0.766769 0.460062
6.44246 -4.98643 -2.99186 0.683994 0.774443 0.464666
6.51036 -4.9086 -2.94516 0.67407 0.782025 0.469215
6.57726 -4.83002 -2.89801 0.664009 0.789511 0.473707
6.64316 -4.7507 -2.85042 0.653813 0.7969 0.47814
6.70802 -4.67065 -2.80239 0.643482 0.80419 0.482514
6.77185 -4.58987 -2.75392 0.633019 0.811378 0.486827
6.83462 -4.50838 -2.70503 0.622424 0.818462 0.491077
6.89633 -4.42618 -2.65571 0.6117 0.825441 0.495264
6.95696 -4.34329 -2.60597 0.600847 0.832311 0.499386
7.01649 -4.25972 -2.55583 0.589867 0.839071 0.503442
7.07493 -4.17548 -2.50529 0.578762 0.845718 0.507431
7.13224 -4.09058 -2.45435 0.567533 0.852251 0.511351
7.18843 -4.00503 -2.40302 0.556183 0.858667 0.5152
7.24348 -3.91885 -2.35131 0.544713 0.864965 0.518979
7.29737 -3.83205 -2.29923 0.533124 0.871142 0.522685
7.3501 -3.74463 -2.24678 0.52142 0.877196 0.526318
7.40165 -3.65661 -2.19397 0.509602 0.883126 0.529876
7.45201 -3.56801 -2.1408 0.497671 0.888929 0.533357
7.50118 -3.47883 -2.0873 0.485631 0.894603 0.536762
7.54914 -3.38909 -2.03345 0.473483 0.900146 0.540088
7.59587 -3.2988 -1.97928 0.46123 0.905557 0.543334
7.64138 -3.20798 -1.92479 0.448873 0.910834 0.5465
7.68564 -3.11664 -1.86999 0.436415 0.915974 0.549585
7.72866 -3.02479 -1.81488 0.423859 0.920977 0.552586
7.77041 -2.93245 -1.75947 0.411208 0.92584 0.555504
7.8109 -2.83963 -1.70378 0.398462 0.930561 0.558337
7.8501 -2.74634 -1.64781 0.385626 0.93514 0.561084
7.88802 -2.65261 -1.59156 0.372701 0.939573 0.563744
7.92464 -2.55843 -1.53506 0.359691 0.943861 0.566317
7.95995 -2.46384 -1.4783 0.346598 0.948001 0.5688
7.99396 -2.36884 -1.4213 0.333424 0.951991 0.571195
8.02664 -2.27345 -1.36407 0.320174 0.955831 0.573498
8.05799 -2.17768 -1.30661 0.306848 0.959518 0.575711
8.088 -2.08155 -1.24893 0.293452 0.963052 0.577831
8.11668 -1.98507 -1.19104 0.279986 0.966431 0.579859
8.144 -1.88827 -1.13296 0.266455 0.969654 0.581793
8.16997 -1.79115 -1.07469 0.252861 0.97272 0.583632
8.19457 -1.69373 -1.01624 0.239207 0.975628 0.585377
8.2178 -1.59603 -0.957616 0.225497 0.978376 0.587026
8.23967 -1.49806 -0.898835 0.211734 0.980964 0.588578
8.26015 -1.39984 -0.839903 0.19792 0.98339 0.590034
8.27925 -1.30139 -0.780831 0.18406 0.985653 0.591392
8.29696 -1.20271 -0.721628 0.170155 0.987754 0.592652
8.31328 -1.10384 -0.662304 0.15621 0.98969 0.593814
8.3282 -1.00478 -0.602869 0.142228 0.991462 0.594877
8.34172 -0.905553 -0.543332 0.128211 0.993068 0.595841
8.35384 -0.806173 -0.483704 0.114164 0.994508 0.596705
8.36456 -0.706657 -0.423994 0.10009 0.995782 0.597469
8.37386 -0.607022 -0.364213 0.085991 0.996889 0.598133
8.38175 -0.507285 -0.304371 0.0718718 0.997827 0.598696
8.38823 -0.407462 -0.244477 0.0577353 0.998599 0.599159
8.3933 -0.307571 -0.184543 0.043585 0.999202 0.599521
8.39695 -0.207628 -0.124577 0.0294241 0.999636 0.599782
8.39918 -0.107649 -0.0645896 0.0152562 0.999902 0.599941
8.4 -0.0076528 -0.00459168 0.00108458 0.999999 0.6
8.3994 0.092345 0.055407 -0.0130873 0.999928 0.599957
8.39738 0.192327 0.115396 -0.027256 0.999688 0.599813
8.39395 0.292277 0.175366 -0.0414182 0.999279 0.599567
8.3891 0.392177 0.235306 -0.0555704 0.998702 0.599221
8.38284 0.492012 0.295207 -0.0697092 0.997956 0.598774
8.37516 0.591763 0.355058 -0.0838312 0.997043 0.598226
8.36607 0.691415 0.414849 -0.0979332 0.995962 0.597577
8.35557 0.79095 0.47457 -0.112012 0.994714 0.596829
8.34367 0.890352 0.534211 -0.126063 0.993299 0.59598
8.33036 0.989604 0.593763 -0.140085 0.991719 0.595031
8.31565 1.08869 0.653214 -0.154072 0.989972 0.593983
8.29955 1.18759 0.712556 -0.168023 0.988061 0.592837
8.28205 1.2863 0.771778 -0.181934 0.985986 0.591591
8.26316 1.38478 0.830871 -0.195802 0.983747 0.590248
8.24289 1.48304 0.889824 -0.209623 0.981345 0.588807
8.22124 1.58105 0.948629 -0.223394 0.978782 0.587269
8.19821 1.67879 1.00728 -0.237113 0.976059 0.585635
8.17382 1.77625 1.06575 -0.250775 0.973176 0.583905
8.14806 1.87342 1.12405 -0.264378 0.970134 0.58208
8.12095 1.97028 1.18217 -0.277919 0.966935 0.580161
8.09248 2.0668 1.24008 -0.291395 0.963579 0.578148
8.06267 2.16299 1.29779 -0.304802 0.960069 0.576041
8.03152 2.25881 1.35529 -0.318139 0.956405 0.573843
7.99904 2.35426 1.41256 -0.331401 0.952589 0.571553
7.96524 2.44932 1.46959 -0.344587 0.948621 0.569173
7.93013 2.54398 1.52639 -0.357692 0.944504 0.566703
7.89371 2.63822 1.58293 -0.370715 0.940239 0.564144
7.85599 2.73203 1.63922 -0.383653 0.935828 0.561497
7.81698 2.82538 1.69523 -0.396503 0.931271 0.558763
7.77669 2.91827 1.75096 -0.409263 0.926572 0.555943
7.73513 3.01069 1.80641 -0.421929 0.92173 0.553038
7.69231 3.10262 1.86157 -0.4345 0.916749 0.550049
7.64823 3.19404 1.91642 -0.446973 0.911629 0.546978
7.60292 3.28494 1.97096 -0.459345 0.906374 0.543824
7.55637 3.37531 2.02518 -0.471614 0.900983 0.54059
7.5086 3.46513 2.07908 -0.483779 0.89546 0.537276
7.45962 3.55439 2.13264 -0.495836 0.889806 0.533883
7.40943 3.64309 2.18585 -0.507783 0.884022 0.530413
7.35806 3.73119 2.23872 -0.519619 0.878112 0.526867
7.30551 3.8187 2.29122 -0.531341 0.872077 0.523246
7.2518 3.90561 2.34336 -0.542947 0.865919 0.519551
7.19693 3.99188 2.39513 -0.554435 0.859639 0.515784
7.14092 4.07753 2.44652 -0.565804 0.853241 0.511945
7.08377 4.16253 2.49752 -0.577051 0.846726 0.508035
7.02551 4.24687 2.54812 -0.588175 0.840095 0.504057
6.96614 4.33054 2.59833 -0.599174 0.833353 0.500012
6.90568 4.41354 2.64812 -0.610047 0.826499 0.4959
6.84414 4.49584 2.6975 -0.620791 0.819537 0.491722
6.78153 4.57744 2.74646 -0.631406 0.812469 0.487481
6.71786 4.65833 2.795 -0.641889 0.805297 0.483178
6.65315 4.7385 2.8431 -0.65224 0.798022 0.478813
6.58742 4.81793 2.89076 -0.662457 0.790648 0.474389
6.52067 4.89662 2.93797 -0.672539 0.783177 0.469906
6.45291 4.97456 2.98474 -0.682484 0.77561 0.465366
6.38417 5.05174 3.03105 -0.692291 0.76795 0.46077
6.31446 5.12815 3.07689 -0.70196 0.760199 0.456119
6.24379 5.20378 3.12227 -0.711489 0.752359 0.451416
6.17217 5.27862 3.16717 -0.720878 0.744433 0.44666
6.09961 5.35266 3.2116 -0.730124 0.736423 0.441854
6.02615 5.4259 3.25554 -0.739228 0.72833 0.436998
5.95177 5.49833 3.299 -0.748188 0.720158 0.432095
5.87651 5.56993 3.34196 -0.757005 0.711909 0.427145
5.80038 5.64071 3.38442 -0.765676 0.703584 0.42215
5.72338 5.71065 3.42639 -0.774202 0.695186 0.417111
5.64554 5.77974 3.46784 -0.782581 0.686717 0.41203
5.56687 5.84799 3.50879 -0.790814 0.678179 0.406907
5.48738 5.91537 3.54922 -0.7989 0.669575 0.401745
5.4071 5.9819 3.58914 -0.806838 0.660906 0.396544
5.32602 6.04755 3.62853 -0.814627 0.652175 0.391305
5.24418 6.11233 3.6674 -0.822269 0.643385 0.386031
5.16157 6.17623 3.70574 -0.829762 0.634536 0.380722
5.07823 6.23924 3.74354 -0.837106 0.625632 0.375379
4.99416 6.30135 3.78081 -0.844301 0.616674 0.370005
4.90937 6.36257 3.81754 -0.851346 0.607665 0.364599
4.82389 6.42288 3.85373 -0.858242 0.598606 0.359164
4.73773 6.48229 3.88937 -0.864989 0.589501 0.3537
4.6509 6.54078 3.92447 -0.871586 0.58035 0.34821
4.56342 6.59836 3.95902 -0.878034 0.571155 0.342693
4.4753 6.65501 3.99301 -0.884332 0.56192 0.337152
4.38656 6.71074 4.02644 -0.890482 0.552646 0.331587
4.29721 6.76554 4.05932 -0.896482 0.543334 0.326
4.20726 6.81941 4.09164 -0.902333 0.533987 0.320392
4.11675 6.87234 4.1234 -0.908036 0.524607 0.314764
4.02566 6.92433 4.1546 -0.91359 0.515196 0.309118
3.93403 6.97538 4.18523 -0.918996 0.505755 0.303453
3.84187 7.02548 4.21529 -0.924255 0.496287 0.297772
3.74919 7.07463 4.24478 -0.929366 0.486794 0.292076
3.656 7.12284 4.2737 -0.93433 0.477276 0.286366
3.56232 7.17009 4.30205 -0.939148 0.467737 0.280642
3.46818 7.21638 4.32983 -0.94382 0.458177 0.274906
3.37357 7.26172 4.35703 -0.948346 0.4486 0.26916
3.27851 7.3061 4.38366 -0.952727 0.439005 0.263403
3.18302 7.34952 4.40971 -0.956964 0.429396 0.257637
3.08712 7.39198 4.43519 -0.961057 0.419773 0.251864
2.99082 7.43348 4.46009 -0.965006 0.410139 0.246083
2.89413 7.47401 4.4844 -0.968814 0.400495 0.240297
2.79706 7.51357 4.50814 -0.972479 0.390843 0.234506
2.69964 7.55218 4.53131 -0.976003 0.381184 0.22871
2.60186 7.58981 4.55389 -0.979386 0.37152 0.222912
2.50376 7.62648 4.57589 -0.98263 0.361853 0.217112
2.40534 7.66218 4.59731 -0.985735 0.352184 0.21131
2.30662 7.69692 4.61815 -0.988702 0.342514 0.205508
2.20761 7.73068 4.63841 -0.991531 0.332845 0.199707
2.10832 7.76349 4.65809 -0.994223 0.323179 0.193908
2.00877 7.79532 4.67719 -0.99678 0.313517 0.18811
1.90897 7.82619 4.69571 -0.999202 0.30386 0.182316
1.80893 7.85609 4.71366 -1.00149 0.29421 0.176526
1.70867 7.88503 4.73102 -1.00364 0.284568 0.170741
1.60821 7.91301 4.7478 -1.00567 0.274935 0.164961
1.50754 7.94002 4.76401 -1.00756 0.265313 0.159188
1.4067 7.96607 4.77964 -1.00932 0.255703 0.153422
1.30568 7.99116 4.7947 -1.01095 0.246106 0.147664
1.20451 8.01529 4.80917 -1.01245 0.236524 0.141914
1.1032 8.03847 4.82308 -1.01383 0.226957 0.136174
1.00175 8.06068 4.83641 -1.01508 0.217407 0.130444
0.900187 8.08195 4.84917 -1.0162 0.207876 0.124725
0.798516 8.10226 4.86136 -1.0172 0.198363 0.119018
0.696752 8.12162 4.87297 -1.01807 0.188871 0.113322
0.594906 8.14003 4.88402 -1.01883 0.1794 0.10764
0.492991 8.1575 4.8945 -1.01946 0.169951 0.101971
0.391018 8.17403 4.90442 -1.01997 0.160526 0.0963158
0.289001 8.18961 4.91376 -1.02036 0.151126 0.0906755
0.186951 8.20425 4.92255 -1.02063 0.141751 0.0850505
0.0848791 8.21796 4.93078 -1.02078 0.132402 0.0794414
-0.0172022 8.23073 4.93844 -1.02082 0.123081 0.0738487
-0.119282 8.24258 4.94555 -1.02075 0.113788 0.0682731
-0.221348 8.25349 4.95209 -1.02055 0.104525 0.062715
-0.323389 8.26348 4.95809 -1.02025 0.0952918 0.0571751
-0.425394 8.27255 4.96353 -1.01983 0.0860895 0.0516537
-0.527352 8.2807 4.96842 -1.01931 0.0769192 0.0461515
-0.629251 8.28794 4.97276 -1.01867 0.0677815 0.0406689
-0.731082 8.29426 4.97655 -1.01792 0.0586774 0.0352064
-0.832832 8.29967 4.9798 -1.01707 0.0496075 0.0297645
-0.934492 8.30418 4.98251 -1.0161 0.0405728 0.0243437
-1.03605 8.30779 4.98467 -1.01504 0.0315739 0.0189443
-1.1375 8.3105 4.9863 -1.01387 0.0226115 0.0135669
-1.23882 8.31231 4.98739 -1.01259 0.0136864 0.00821183
-1.34001 8.31324 4.98794 -1.01121 0.00479923 0.00287954
-1.44106 8.31327 4.98796 -1.00973 -0.0040493 -0.00242958
-1.54195 8.31243 4.98746 -1.00815 -0.0128585 -0.00771513
-1.64268 8.3107 4.98642 -1.00647 -0.0216279 -0.0129767
-1.74324 8.3081 4.98486 -1.00469 -0.0303566 -0.018214
-1.84362 8.30463 4.98278 -1.00282 -0.0390443 -0.0234266
-1.9438 8.3003 4.98018 -1.00084 -0.0476902 -0.0286141
-2.04379 8.2951 4.97706 -0.998777 -0.0562937 -0.0337762
-2.14356 8.28904 4.97342 -0.996616 -0.0648545 -0.0389127
-2.24311 8.28213 4.96928 -0.994361 -0.0733718 -0.0440231
-2.34243 8.27436 4.96462 -0.992014 -0.0818452 -0.0491071
-2.44151 8.26576 4.95946 -0.989576 -0.0902742 -0.0541645
-2.54034 8.25631 4.95379 -0.987048 -0.0986583 -0.059195
-2.63891 8.24603 4.94762 -0.984431 -0.106997 -0.0641982
-2.73722 8.23491 4.94095 -0.981726 -0.11529 -0.0691738
-2.83525 8.22297 4.93378 -0.978934 -0.123536 -0.0741217
-2.933 8.21021 4.92612 -0.976056 -0.131736 -0.0790416
-3.03046 8.19663 4.91798 -0.973093 -0.139889 -0.0839332
-3.12762 8.18223 4.90934 -0.970045 -0.147994 -0.0887962
-3.22447 8.16703 4.90022 -0.966915 -0.156051 -0.0936304
-3.321 8.15102 4.89061 -0.963703 -0.164059 -0.0984356
-3.41721 8.13422 4.88053 -0.960409 -0.172019 -0.103212
-3.51308 8.11662 4.86997 -0.957035 -0.17993 -0.107958
-3.60861 8.09823 4.85894 -0.953583 -0.187792 -0.112675
-3.70379 8.07906 4.84744 -0.950052 -0.195604 -0.117362
-3.79862 8.05912 4.83547 -0.946443 -0.203365 -0.122019
-3.89308 8.03839 4.82304 -0.942759 -0.211077 -0.126646
-3.98717 8.0169 4.81014 -0.938999 -0.218737 -0.131242
-4.08088 7.99465 4.79679 -0.935164 -0.226347 -0.135808
-4.1742 7.97163 4.78298 -0.931257 -0.233905 -0.140343
-4.26713 7.94787 4.76872 -0.927276 -0.241412 -0.144847
-4.35965 7.92335 4.75401 -0.923224 -0.248867 -0.14932
-4.45177 7.8981 4.73886 -0.919101 -0.25627 -0.153762
-4.54347 7.8721 4.72326 -0.914908 -0.263621 -0.158173
-4.63475 7.84537 4.70722 -0.910646 -0.27092 -0.162552
-4.7256 7.81792 4.69075 -0.906316 -0.278166 -0.166899
-4.81601 7.78974 4.67385 -0.901919 -0.285358 -0.171215
-4.90598 7.76085 4.65651 -0.897455 -0.292498 -0.175499
-4.9955 7.73124 4.63875 -0.892926 -0.299584 -0.179751
-5.08456 7.70093 4.62056 -0.888332 -0.306617 -0.18397
-5.17316 7.66992 4.60195 -0.883675 -0.313597 -0.188158
-5.26129 7.63822 4.58293 -0.878954 -0.320522 -0.192313
-5.34895 7.60582 4.56349 -0.874172 -0.327394 -0.196436
-5.43613 7.57274 4.54364 -0.869328 -0.334211 -0.200527
-5.52281 7.53898 4.52339 -0.864423 -0.340974 -0.204584
-5.60901 7.50455 4.50273 -0.859459 -0.347682 -0.208609
-5.6947 7.46945 4.48167 -0.854436 -0.354337 -0.212602
-5.77989 7.43368 4.46021 -0.849355 -0.360936 -0.216562
-5.86457 7.39726 4.43836 -0.844216 -0.367481 -0.220488
-5.94874 7.36019 4.41611 -0.839021 -0.37397 -0.224382
-6.03238 7.32247 4.39348 -0.833771 -0.380405 -0.228243
-6.11549 7.28411 4.37046 -0.828465 -0.386784 -0.232071
-6.19807 7.24511 4.34707 -0.823105 -0.393109 -0.235865
-6.28011 7.20549 4.32329 -0.817692 -0.399378 -0.239627
-6.3616 7.16524 4.29914 -0.812226 -0.405591 -0.243355
-6.44255 7.12437 4.27462 -0.806708 -0.41175 -0.24705
-6.52294 7.08289 4.24973 -0.801138 -0.417852 -0.250711
-6.60278 7.0408 4.22448 -0.795519 -0.4239 -0.25434
-6.68205 6.99811 4.19887 -0.789849 -0.429891 -0.257935
-6.76074 6.95483 4.1729 -0.78413 -0.435827 -0.261496
-6.83887 6.91095 4.14657 -0.778363 -0.441707 -0.265024
-6.91642 6.86649 4.11989 -0.772549 -0.447531 -0.268518
-6.99338 6.82145 4.09287 -0.766687 -0.453299 -0.271979
-7.06975 6.77583 4.0655 -0.760779 -0.459012 -0.275407
-7.14553 6.72964 4.03779 -0.754825 -0.464668 -0.278801
-7.22071 6.6829 4.00974 -0.748826 -0.470269 -0.282161
-7.2953 6.63559 3.98136 -0.742783 -0.475813 -0.285488
-7.36927 6.58774 3.95264 -0.736697 -0.481302 -0.288781
-7.44263 6.53933 3.9236 -0.730567 -0.486734 -0.29204
-7.51538 6.49039 3.89423 -0.724395 -0.49211 -0.295266
-7.58751 6.44091 3.86455 -0.718181 -0.497431 -0.298458
-7.65902 6.39091 3.83454 -0.711926 -0.502695 -0.301617
-7.7299 6.34038 3.80423 -0.705631 -0.507903 -0.304742
-7.80014 6.28933 3.7736 -0.699296 -0.513055 -0.307833
-7.86975 6.23777 3.74266 -0.692921 -0.518151 -0.310891
-7.93872 6.1857 3.71142 -0.686508 -0.523191 -0.313915
-8.00705 6.13313 3.67988 -0.680057 -0.528175 -0.316905
-8.07473 6.08007 3.64804 -0.673568 -0.533103 -0.319862
-8.14177 6.02651 3.61591 -0.667043 -0.537974 -0.322785
-8.20814 5.97247 3.58348 -0.660481 -0.54279 -0.325674
-8.27386 5.91796 3.55077 -0.653884 -0.547549 -0.32853
-8.33892 5.86297 3.51778 -0.647251 -0.552253 -0.331352
-8.40331 5.80751 3.4845 -0.640584 -0.5569 -0.33414
-8.46703 5.75159 3.45095 -0.633883 -0.561492 -0.336895
-8.53009 5.69521 3.41713 -0.627149 -0.566027 -0.339616
-8.59246 5.63838 3.38303 -0.620381 -0.570507 -0.342304
-8.65416 5.58111 3.34867 -0.613581 -0.57493 -0.344958
-8.71518 5.5234 3.31404 -0.60675 -0.579298 -0.347579
-8.77551 5.46525 3.27915 -0.599887 -0.583609 -0.350166
-8.83515 5.40668 3.24401 -0.592993 -0.587865 -0.352719
-8.89411 5.34768 3.20861 -0.586069 -0.592065 -0.355239
-8.95237 5.28827 3.17296 -0.579116 -0.596209 -0.357726
-9.00993 5.22844 3.13707 -0.572133 -0.600298 -0.360179
-9.06679 5.16821 3.10093 -0.565121 -0.60433 -0.362598
-9.12295 5.10758 3.06455 -0.558081 -0.608307 -0.364984
-9.17841 5.04655 3.02793 -0.551014 -0.612229 -0.367337
-9.23315 4.98514 2.99108 -0.543919 -0.616094 -0.369657
-9.28719 4.92333 2.954 -0.536797 -0.619904 -0.371943
-9.34051 4.86116 2.91669 -0.52965 -0.623659 -0.374195
-9.39312 4.7986 2.87916 -0.522476 -0.627358 -0.376415
-9.44501 4.73569 2.84141 -0.515277 -0.631001 -0.378601
-9.49617 4.67241 2.80344 -0.508054 -0.634589 -0.380754
-9.54662 4.60877 2.76526 -0.500806 -0.638122 -0.382873
-9.59633 4.54478 2.72687 -0.493534 -0.641599 -0.384959
-9.64532 4.48045 2.68827 -0.486238 -0.645021 -0.387013
-9.69358 4.41578 2.64947 -0.47892 -0.648388 -0.389033
-9.74111 4.35078 2.61047 -0.471579 -0.651699 -0.391019
-9.7879 4.28544 2.57127 -0.464216 -0.654955 -0.392973
-9.83395 4.21979 2.53187 -0.456831 -0.658156 -0.394894
-9.87926 4.15381 2.49229 -0.449425 -0.661302 -0.396781
-9.92383 4.08753 2.45252 -0.441999 -0.664393 -0.398636
-9.96766 4.02094 2.41256 -0.434552 -0.667428 -0.400457
-10.0107 3.95405 2.37243 -0.427084 -0.670409 -0.402245
-10.0531 3.88686 2.33211 -0.419598 -0.673335 -0.404001
-10.0947 3.81938 2.29163 -0.412092 -0.676206 -0.405723
-10.1355 3.75162 2.25097 -0.404568 -0.679022 -0.407413
-10.1756 3.68358 2.21015 -0.397025 -0.681783 -0.40907
-10.2149 3.61526 2.16916 -0.389465 -0.684489 -0.410693
-10.2535 3.54668 2.12801 -0.381887 -0.687141 -0.412284
-10.2913 3.47784 2.0867 -0.374292 -0.689737 -0.413842
-10.3283 3.40874 2.04524 -0.36668 -0.69228 -0.415368
-10.3646 3.33938 2.00363 -0.359052 -0.694767 -0.41686
-10.4001 3.26978 1.96187 -0.351408 -0.6972 -0.41832
-10.4349 3.19994 1.91997 -0.343749 -0.699578 -0.419747
-10.4689 3.12987 1.87792 -0.336074 -0.701902 -0.421141
-10.5021 3.05957 1.83574 -0.328385 -0.704172 -0.422503
-10.5346 2.98904 1.79342 -0.320682 -0.706387 -0.423832
-10.5662 2.91829 1.75097 -0.312964 -0.708547 -0.425128
-10.5972 2.84733 1.7084 -0.305233 -0.710653 -0.426392
-10.6273 2.77616 1.6657 -0.297489 -0.712705 -0.427623
-10.6567 2.70479 1.62287 -0.289732 -0.714703 -0.428822
-10.6852 2.63322 1.57993 -0.281963 -0.716646 -0.429988
-10.713 2.56146 1.53688 -0.274181 -0.718535 -0.431121
-10.7401 2.48952 1.49371 -0.266388 -0.72037 -0.432222
-10.7663 2.41739 1.45043 -0.258583 -0.722151 -0.433291
-10.7918 2.34509 1.40705 -0.250767 -0.723877 -0.434326
-10.8165 2.27262 1.36357 -0.242941 -0.72555 -0.43533
-10.8404 2.19998 1.31999 -0.235104 -0.727168 -0.436301
-10.8635 2.12719 1.27631 -0.227258 -0.728733 -0.43724
-10.8858 2.05424 1.23254 -0.219402 -0.730243 -0.438146
-10.9074 1.98114 1.18868 -0.211536 -0.7317 -0.43902
-10.9281 1.9079 1.14474 -0.203662 -0.733102 -0.439861
-10.9481 1.83452 1.10071 -0.195779 -0.734451 -0.44067
-10.9673 1.76101 1.05661 -0.187888 -0.735745 -0.441447
-10.9857 1.68737 1.01242 -0.17999 -0.736986 -0.442192
-11.0033 1.61361 0.968169 -0.172083 -0.738173 -0.442904
-11.0201 1.53974 0.923844 -0.16417 -0.739306 -0.443584
-11.0361 1.46576 0.879453 -0.156249 -0.740385 -0.444231
-11.0513 1.39166 0.834999 -0.148323 -0.741411 -0.444846
-11.0658 1.31747 0.790485 -0.14039 -0.742382 -0.445429
-11.0794 1.24319 0.745914 -0.132451 -0.7433 -0.44598
-11.0923 1.16882 0.70129 -0.124507 -0.744165 -0.446499
-11.1043 1.09436 0.656615 -0.116557 -0.744975 -0.446985
-11.1156 1.01982 0.611894 -0.108603 -0.745732 -0.447439
-11.126 0.945214 0.567129 -0.100644 -0.746435 -0.447861
-11.1357 0.870538 0.522323 -0.0926817 -0.747085 -0.448251
-11.1446 0.795799 0.47748 -0.0847151 -0.74768 -0.448608
-11.1527 0.721004 0.432602 -0.076745 -0.748223 -0.448934
-11.1599 0.646157 0.387694 -0.0687718 -0.748711 -0.449227
-11.1664 0.571263 0.342758 -0.0607957 -0.749146 -0.449488
-11.1721 0.496329 0.297797 -0.0528172 -0.749527 -0.449716
-11.177 0.42136 0.252816 -0.0448365 -0.749855 -0.449913
-11.1811 0.34636 0.207816 -0.036854 -0.750129 -0.450078
-11.1843 0.271336 0.162801 -0.02887 -0.75035 -0.45021
-11.1868 0.196292 0.117775 -0.0208847 -0.750517 -0.45031
-11.1885 0.121234 0.0727404 -0.0128987 -0.75063 -0.450378
-11.1894 0.0461676 0.0277005 -0.00491207 -0.75069 -0.450414
-11.1895 -0.0289022 -0.0173413 0.00307473 -0.750696 -0.450418
-11.1888 -0.10397 -0.0623819 0.0110614 -0.750648 -0.450389
-11.1873 -0.17903 -0.107418 0.0190476 -0.750547 -0.450328
-11.185 -0.254078 -0.152447 0.0270331 -0.750393 -0.450236
-11.1819 -0.329107 -0.197464 0.0350174 -0.750185 -0.450111
-11.178 -0.404113 -0.242468 0.0430003 -0.749923 -0.449954
-11.1733 -0.47909 -0.287454 0.0509814 -0.749607 -0.449764
-11.1678 -0.554032 -0.332419 0.0589605 -0.749239 -0.449543
-11.1615 -0.628936 -0.377361 0.0669371 -0.748816 -0.44929
-11.1544 -0.703794 -0.422276 0.074911 -0.74834 -0.449004
-11.1465 -0.778602 -0.467161 0.0828819 -0.74781 -0.448686
-11.1378 -0.853354 -0.512012 0.0908493 -0.747226 -0.448336
-11.1283 -0.928045 -0.556827 0.098813 -0.746589 -0.447954
-11.1181 -1.00267 -0.601602 0.106773 -0.745898 -0.447539
-11.107 -1.07722 -0.646334 0.114728 -0.745154 -0.447092
-11.0951 -1.1517 -0.691019 0.122678 -0.744356 -0.446613
-11.0825 -1.22609 -0.735655 0.130624 -0.743504 -0.446102
-11.069 -1.3004 -0.780239 0.138564 -0.742598 -0.445559
-11.0547 -1.37461 -0.824766 0.146498 -0.741639 -0.444983
-11.0397 -1.44872 -0.869234 0.154426 -0.740626 -0.444376
-11.0239 -1.52273 -0.91364 0.162348 -0.739559 -0.443735
-11.0072 -1.59663 -0.95798 0.170263 -0.738438 -0.443063
-10.9898 -1.67042 -1.00225 0.178171 -0.737264 -0.442358
-10.9716 -1.74408 -1.04645 0.186072 -0.736035 -0.441621
-10.9526 -1.81762 -1.09057 0.193965 -0.734753 -0.440852
-10.9328 -1.89103 -1.13462 0.201849 -0.733417 -0.44005
-10.9122 -1.96431 -1.17858 0.209726 -0.732027 -0.439216
-10.8909 -2.03744 -1.22246 0.217593 -0.730583 -0.43835
-10.8687 -2.11042 -1.26625 0.225451 -0.729085 -0.437451
-10.8458 -2.18325 -1.30995 0.2333 -0.727533 -0.43652
-10.822 -2.25593 -1.35356 0.241139 -0.725927 -0.435556
-10.7975 -2.32844 -1.39706 0.248968 -0.724267 -0.43456
-10.7722 -2.40078 -1.44047 0.256786 -0.722553 -0.433532
-10.7462 -2.47294 -1.48377 0.264593 -0.720785 -0.432471
-10.7193 -2.54493 -1.52696 0.272389 -0.718962 -0.431377
-10.6917 -2.61674 -1.57004 0.280174 -0.717086 -0.430251
-10.6633 -2.68835 -1.61301 0.287946 -0.715155 -0.429093
-10.6341 -2.75976 -1.65586 0.295706 -0.71317 -0.427902
-10.6042 -2.83098 -1.69859 0.303453 -0.71113 -0.426678
-10.5734 -2.90199 -1.74119 0.311187 -0.709037 -0.425422
-10.5419 -2.97279 -1.78367 0.318908 -0.706888 -0.424133
-10.5096 -3.04336 -1.82602 0.326614 -0.704686 -0.422812
-10.4766 -3.11372 -1.86823 0.334307 -0.702429 -0.421458
-10.4428 -3.18385 -1.91031 0.341985 -0.700118 -0.420071
-10.4082 -3.25374 -1.95225 0.349647 -0.697752 -0.418651
-10.3729 -3.3234 -1.99404 0.357295 -0.695332 -0.417199
-10.3367 -3.39281 -2.03568 0.364927 -0.692857 -0.415714
-10.2999 -3.46197 -2.07718 0.372542 -0.690327 -0.414196
-10.2622 -3.53087 -2.11852 0.380141 -0.687743 -0.412646
-10.2238 -3.59951 -2.15971 0.387723 -0.685104 -0.411062
-10.1847 -3.66789 -2.20073 0.395287 -0.68241 -0.409446
-10.1448 -3.73599 -2.2416 0.402834 -0.679662 -0.407797
-10.1041 -3.80382 -2.28229 0.410363 -0.676858 -0.406115
-10.0627 -3.87136 -2.32282 0.417873 -0.674 -0.4044
-10.0205 -3.93862 -2.36317 0.425364 -0.671087 -0.402652
-9.97764 -4.00558 -2.40335 0.432835 -0.668119 -0.400871
-9.93398 -4.07224 -2.44334 0.440287 -0.665096 -0.399057
-9.88958 -4.1386 -2.48316 0.447719 -0.662018 -0.397211
-9.84444 -4.20464 -2.52279 0.455129 -0.658885 -0.395331
-9.79856 -4.27037 -2.56222 0.462519 -0.655696 -0.393418
-9.75194 -4.33578 -2.60147 0.469887 -0.652453 -0.391472
-9.70458 -4.40086 -2.64052 0.477233 -0.649154 -0.389492
-9.65649 -4.46561 -2.67937 0.484557 -0.6458 -0.38748
-9.60767 -4.53002 -2.71801 0.491857 -0.642391 -0.385435
-9.55812 -4.59408 -2.75645 0.499135 -0.638927 -0.383356
-9.50784 -4.6578 -2.79468 0.506388 -0.635407 -0.381244
-9.45684 -4.72116 -2.8327 0.513618 -0.631832 -0.379099
-9.40512 -4.78417 -2.8705 0.520822 -0.628201 -0.37692
-9.35268 -4.8468 -2.90808 0.528002 -0.624515 -0.374709
-9.29952 -4.90907 -2.94544 0.535155 -0.620773 -0.372464
-9.24565 -4.97096 -2.98257 0.542283 -0.616976 -0.370185
-9.19107 -5.03246 -3.01948 0.549384 -0.613123 -0.367874
-9.13577 -5.09358 -3.05615 0.556458 -0.609214 -0.365529
-9.07977 -5.1543 -3.09258 0.563504 -0.60525 -0.36315
-9.02307 -5.21463 -3.12878 0.570522 -0.60123 -0.360738
-8.96567 -5.27455 -3.16473 0.577512 -0.597155 -0.358293
-8.90757 -5.33406 -3.20043 0.584472 -0.593023 -0.355814
-8.84878 -5.39315 -3.23589 0.591403 -0.588836 -0.353302
-8.78929 -5.45182 -3.27109 0.598304 -0.584593 -0.350756
-8.72912 -5.51007 -3.30604 0.605174 -0.580294 -0.348177
-8.66826 -5.56788 -3.34073 0.612012 -0.57594 -0.345564
-8.60672 -5.62525 -3.37515 0.61882 -0.571529 -0.342917
-8.5445 -5.68218 -3.40931 0.625595 -0.567062 -0.340237
-8.4816 -5.73866 -3.4432 0.632337 -0.56254 -0.337524
-8.41803 -5.79469 -3.47681 0.639046 -0.557961 -0.334777
-8.35379 -5.85025 -3.51015 0.64572 -0.553327 -0.331996
-8.28889 -5.90535 -3.54321 0.652361 -0.548636 -0.329182
