8.4001 0.0119049 -0.510476 1.11716e-15 -5.04 8.4 -0.510476 -2.24746e-09
8.4004 0.0238104 -0.510476 6.93889e-17 -5.04 8.4 -0.510476 -4.49459e-09
8.40091 0.0357172 -0.510476 -1.13798e-15 -5.04 8.4 -0.510476 -6.74113e-09
8.40161 0.0476259 -0.510476 -2.69229e-15 -5.04 8.4 -0.510476 -8.98682e-09
8.40252 0.0595372 -0.510476 -2.66454e-15 -5.04 8.4 -0.510476 -1.12313e-08
8.40363 0.0714517 -0.510476 2.44249e-15 -5.04 8.4 -0.510476 -1.34742e-08
8.40494 0.08337 -0.510476 -1.03806e-14 -5.04 8.4 -0.510476 -1.57153e-08
8.40645 0.0952928 -0.510476 1.75415e-14 -5.04 8.4 -0.510476 -1.79545e-08
8.40816 0.107221 -0.510476 6.22835e-14 -5.04 8.4 -0.510476 -2.01913e-08
8.41007 0.119154 -0.510476 8.4599e-14 -5.04 8.4 -0.510476 -2.24256e-08
8.41218 0.131094 -0.510476 3.65263e-14 -5.04 8.4 -0.510476 -2.46568e-08
8.41449 0.143041 -0.510476 4.58522e-14 -5.04 8.4 -0.510476 -2.68848e-08
8.417 0.154996 -0.510476 5.66214e-14 -5.04 8.4 -0.510476 -2.91092e-08
8.4197 0.166958 -0.510476 6.92779e-14 -5.04 8.4 -0.510476 -3.13299e-08
8.4226 0.17893 -0.510476 6.51701e-14 -5.04 8.4 -0.510476 -3.35466e-08
8.4257 0.19091 -0.510476 -8.99281e-15 -5.04 8.4 -0.510476 -3.57589e-08
8.42899 0.202901 -0.510476 7.88258e-15 -5.04 8.4 -0.510476 -3.79667e-08
8.43248 0.214902 -0.510476 -6.43929e-14 -5.04 8.4 -0.510476 -4.01696e-08
8.43617 0.226915 -0.510476 -9.01501e-14 -5.04 8.4 -0.510476 -4.23673e-08
8.44004 0.238938 -0.510476 -1.06137e-13 -5.04 8.4 -0.510476 -4.45596e-08
8.44411 0.250974 -0.510476 -1.58984e-13 -5.04 8.4 -0.510476 -4.67464e-08
8.44837 0.263023 -0.510476 -1.69198e-13 -5.04 8.4 -0.510476 -4.89272e-08
8.45282 0.275085 -0.510476 -5.79536e-14 -5.04 8.4 -0.510476 -5.11017e-08
8.45746 0.287161 -0.510476 1.9984e-14 -5.04 8.4 -0.510476 -5.32698e-08
8.46229 0.299251 -0.510476 3.37508e-14 -5.04 8.4 -0.510476 -5.54313e-08
8.4673 0.311355 -0.510476 7.08322e-14 -5.04 8.4 -0.510476 -5.7586e-08
8.4725 0.323475 -0.510476 1.2701e-13 -5.04 8.4 -0.510476 -5.97337e-08
8.47789 0.33561 -0.510476 1.77858e-13 -5.04 8.4 -0.510476 -6.18739e-08
8.48346 0.347762 -0.510476 2.22045e-13 -5.04 8.4 -0.510476 -6.40066e-08
8.48921 0.35993 -0.510476 2.64899e-13 -5.04 8.4 -0.510476 -6.61314e-08
8.49514 0.372115 -0.510476 3.29292e-13 -5.04 8.4 -0.510476 -6.82483e-08
8.50125 0.384317 -0.510476 4.17888e-13 -5.04 8.4 -0.510476 -7.0357e-08
8.50754 0.396537 -0.510476 4.97824e-13 -5.04 8.4 -0.510476 -7.24573e-08
8.51401 0.408775 -0.510476 5.3868e-13 -5.04 8.4 -0.510476 -7.4549e-08
8.52065 0.421032 -0.510476 5.81979e-13 -5.04 8.4 -0.510476 -7.6632e-08
8.52746 0.433307 -0.510476 6.77902e-13 -5.04 8.4 -0.510476 -7.87058e-08
8.53445 0.445601 -0.510476 6.96998e-13 -5.04 8.4 -0.510476 -8.07706e-08
8.54161 0.457915 -0.510476 6.55254e-13 -5.04 8.4 -0.510476 -8.28261e-08
8.54894 0.470248 -0.510476 5.52891e-13 -5.04 8.4 -0.510476 -8.4872e-08
8.55644 0.482601 -0.510476 5.05818e-13 -5.04 8.4 -0.510476 -8.69084e-08
8.5641 0.494974 -0.510476 4.68958e-13 -5.04 8.4 -0.510476 -8.89349e-08
8.57192 0.507367 -0.510476 4.03677e-13 -5.04 8.4 -0.510476 -9.09515e-08
8.57991 0.519781 -0.510476 3.59712e-13 -5.04 8.4 -0.510476 -9.29579e-08
8.58806 0.532216 -0.510476 4.96048e-13 -5.04 8.4 -0.510476 -9.4954e-08
8.59637 0.544671 -0.510476 4.0945e-13 -5.04 8.4 -0.510476 -9.69398e-08
8.60484 0.557147 -0.510476 5.51115e-13 -5.04 8.4 -0.510476 -9.89151e-08
8.61346 0.569644 -0.510476 5.05818e-13 -5.04 8.4 -0.510476 -1.0088e-07
8.62223 0.582162 -0.510476 3.67262e-13 -5.04 8.4 -0.510476 -1.02834e-07
8.63116 0.594702 -0.510476 2.54463e-13 -5.04 8.4 -0.510476 -1.04776e-07
8.64024 0.607262 -0.510476 1.35447e-13 -5.04 8.4 -0.510476 -1.06708e-07
8.64946 0.619843 -0.510476 7.63833e-14 -5.04 8.4 -0.510476 -1.08629e-07
8.65884 0.632446 -0.510476 -2.13163e-14 -5.04 8.4 -0.510476 -1.10539e-07
8.66835 0.645069 -0.510476 -5.41789e-14 -5.04 8.4 -0.510476 -1.12438e-07
8.67801 0.657714 -0.510476 -9.72555e-14 -5.04 8.4 -0.510476 -1.14325e-07
8.68781 0.670379 -0.510476 -3.06422e-14 -5.04 8.4 -0.510476 -1.162e-07
8.69775 0.683065 -0.510476 4.39648e-14 -5.04 8.4 -0.510476 -1.18065e-07
8.70782 0.695771 -0.510476 -2.93099e-14 -5.04 8.4 -0.510476 -1.19917e-07
8.71803 0.708498 -0.510476 8.12683e-14 -5.04 8.4 -0.510476 -1.21758e-07
8.72837 0.721244 -0.510476 -1.35891e-13 -5.04 8.4 -0.510476 -1.23587e-07
8.73884 0.734011 -0.510476 -1.90958e-13 -5.04 8.4 -0.510476 -1.25405e-07
8.74944 0.746797 -0.510476 -2.64677e-13 -5.04 8.4 -0.510476 -1.27211e-07
8.76017 0.759602 -0.510476 -3.49054e-13 -5.04 8.4 -0.510476 -1.29005e-07
8.77102 0.772426 -0.510476 -5.56888e-13 -5.04 8.4 -0.510476 -1.30787e-07
8.782 0.785268 -0.510476 -7.19869e-13 -5.04 8.4 -0.510476 -1.32557e-07
8.79309 0.798129 -0.510476 -8.42881e-13 -5.04 8.4 -0.510476 -1.34315e-07
8.8043 0.811007 -0.510476 -8.0469e-13 -5.04 8.4 -0.510476 -1.36061e-07
8.81563 0.823903 -0.510476 -7.96696e-13 -5.04 8.4 -0.510476 -1.37796e-07
8.82707 0.836815 -0.510476 -8.40217e-13 -5.04 8.4 -0.510476 -1.39518e-07
8.83862 0.849743 -0.510476 -8.93507e-13 -5.04 8.4 -0.510476 -1.41228e-07
8.85029 0.862687 -0.510476 -8.80185e-13 -5.04 8.4 -0.510476 -1.42926e-07
8.86206 0.875647 -0.510476 -7.45182e-13 -5.04 8.4 -0.510476 -1.44613e-07
8.87393 0.88862 -0.510476 -9.17932e-13 -5.04 8.4 -0.510476 -1.46287e-07
8.88591 0.901608 -0.510476 -1.04716e-12 -5.04 8.4 -0.510476 -1.47949e-07
8.89799 0.914609 -0.510476 -1.08535e-12 -5.04 8.4 -0.510476 -1.49599e-07
8.91017 0.927622 -0.510476 -1.16085e-12 -5.04 8.4 -0.510476 -1.51237e-07
8.92245 0.940647 -0.510476 -1.02318e-12 -5.04 8.4 -0.510476 -1.52864e-07
8.93482 0.953684 -0.510476 -9.13936e-13 -5.04 8.4 -0.510476 -1.54478e-07
8.94729 0.966731 -0.510476 -8.81961e-13 -5.04 8.4 -0.510476 -1.5608e-07
8.95984 0.979787 -0.510476 -8.53539e-13 -5.04 8.4 -0.510476 -1.57671e-07
8.97249 0.992852 -0.510476 -7.14984e-13 -5.04 8.4 -0.510476 -1.59249e-07
8.98522 1.00593 -0.510476 -7.98916e-13 -5.04 8.4 -0.510476 -1.60816e-07
8.99803 1.01901 -0.510476 -8.54428e-13 -5.04 8.4 -0.510476 -1.62371e-07
9.01093 1.03209 -0.510476 -8.37108e-13 -5.04 8.4 -0.510476 -1.63914e-07
9.0239 1.04518 -0.510476 -7.6783e-13 -5.04 8.4 -0.510476 -1.65446e-07
9.03696 1.05828 -0.510476 -8.10907e-13 -5.04 8.4 -0.510476 -1.66966e-07
9.05009 1.07138 -0.510476 -7.83817e-13 -5.04 8.4 -0.510476 -1.68474e-07
9.06329 1.08448 -0.510476 -8.12683e-13 -5.04 8.4 -0.510476 -1.69971e-07
9.07657 1.09759 -0.510476 -8.35776e-13 -5.04 8.4 -0.510476 -1.71456e-07
9.08991 1.11069 -0.510476 -9.6767e-13 -5.04 8.4 -0.510476 -1.72929e-07
9.10332 1.12379 -0.510476 -8.42659e-13 -5.04 8.4 -0.510476 -1.74391e-07
9.1168 1.1369 -0.510476 -8.03357e-13 -5.04 8.4 -0.510476 -1.75842e-07
9.13034 1.15 -0.510476 -9.12603e-13 -5.04 8.4 -0.510476 -1.77282e-07
9.14394 1.16309 -0.510476 -8.7419e-13 -5.04 8.4 -0.510476 -1.7871e-07
9.1576 1.17619 -0.510476 -9.60787e-13 -5.04 8.4 -0.510476 -1.80127e-07
9.17132 1.18927 -0.510476 -9.57456e-13 -5.04 8.4 -0.510476 -1.81533e-07
9.18509 1.20235 -0.510476 -9.45022e-13 -5.04 8.4 -0.510476 -1.82928e-07
9.19892 1.21542 -0.510476 -9.53237e-13 -5.04 8.4 -0.510476 -1.84313e-07
9.2128 1.22849 -0.510476 -9.86544e-13 -5.04 8.4 -0.510476 -1.85686e-07
9.22672 1.24154 -0.510476 -9.76996e-13 -5.04 8.4 -0.510476 -1.87048e-07
9.2407 1.25458 -0.510476 -1.02163e-12 -5.04 8.4 -0.510476 -1.884e-07
9.25472 1.26761 -0.510476 -1.01097e-12 -5.04 8.4 -0.510476 -1.89741e-07
9.26878 1.28063 -0.510476 -1.00031e-12 -5.04 8.4 -0.510476 -1.91071e-07
9.28288 1.29363 -0.510476 -9.71001e-13 -5.04 8.4 -0.510476 -1.92391e-07
9.29702 1.30662 -0.510476 -1.01585e-12 -5.04 8.4 -0.510476 -1.93701e-07
9.3112 1.31959 -0.510476 -1.07425e-12 -5.04 8.4 -0.510476 -1.95e-07
9.32541 1.33254 -0.510476 -1.03517e-12 -5.04 8.4 -0.510476 -1.96289e-07
9.33966 1.34547 -0.510476 -1.0496e-12 -5.04 8.4 -0.510476 -1.97568e-07
9.35394 1.35839 -0.510476 -1.12355e-12 -5.04 8.4 -0.510476 -1.98836e-07
9.36825 1.37128 -0.510476 -1.10401e-12 -5.04 8.4 -0.510476 -2.00095e-07
9.38259 1.38415 -0.510476 -1.04583e-12 -5.04 8.4 -0.510476 -2.01344e-07
9.39695 1.397 -0.510476 -1.04983e-12 -5.04 8.4 -0.510476 -2.02583e-07
9.41133 1.40982 -0.510476 -9.43468e-13 -5.04 8.4 -0.510476 -2.03812e-07
9.42574 1.42262 -0.510476 -9.43245e-13 -5.04 8.4 -0.510476 -2.05031e-07
9.44017 1.43539 -0.510476 -9.62341e-13 -5.04 8.4 -0.510476 -2.06241e-07
9.45462 1.44813 -0.510476 -1.03606e-12 -5.04 8.4 -0.510476 -2.07442e-07
9.46908 1.46084 -0.510476 -1.05649e-12 -5.04 8.4 -0.510476 -2.08633e-07
9.48356 1.47353 -0.510476 -1.14142e-12 -5.04 8.4 -0.510476 -2.09814e-07
9.49805 1.48618 -0.510476 -1.0999e-12 -5.04 8.4 -0.510476 -2.10987e-07
9.51256 1.49881 -0.510476 -1.13953e-12 -5.04 8.4 -0.510476 -2.1215e-07
9.52707 1.5114 -0.510476 -1.13187e-12 -5.04 8.4 -0.510476 -2.13305e-07
9.54159 1.52396 -0.510476 -1.02152e-12 -5.04 8.4 -0.510476 -2.1445e-07
9.55612 1.53648 -0.510476 -1.05427e-12 -5.04 8.4 -0.510476 -2.15587e-07
9.57065 1.54897 -0.510476 -1.06248e-12 -5.04 8.4 -0.510476 -2.16714e-07
9.58519 1.56142 -0.510476 -1.05871e-12 -5.04 8.4 -0.510476 -2.17833e-07
9.59972 1.57384 -0.510476 -1.05982e-12 -5.04 8.4 -0.510476 -2.18944e-07
9.61426 1.58621 -0.510476 -1.03817e-12 -5.04 8.4 -0.510476 -2.20046e-07
9.62879 1.59855 -0.510476 -1.04672e-12 -5.04 8.4 -0.510476 -2.21139e-07
9.64332 1.61085 -0.510476 -1.08885e-12 -5.04 8.4 -0.510476 -2.22224e-07
9.65785 1.62311 -0.510476 -1.0687e-12 -5.04 8.4 -0.510476 -2.23301e-07
9.67237 1.63533 -0.510476 -1.02424e-12 -5.04 8.4 -0.510476 -2.2437e-07
9.68688 1.64751 -0.510476 -1.02413e-12 -5.04 8.4 -0.510476 -2.2543e-07
9.70138 1.65964 -0.510476 -1.03478e-12 -5.04 8.4 -0.510476 -2.26483e-07
9.71587 1.67173 -0.510476 -1.04236e-12 -5.04 8.4 -0.510476 -2.27528e-07
9.73034 1.68378 -0.510476 -1.03986e-12 -5.04 8.4 -0.510476 -2.28565e-07
9.7448 1.69578 -0.510476 -1.04103e-12 -5.04 8.4 -0.510476 -2.29594e-07
9.75925 1.70774 -0.510476 -1.0377e-12 -5.04 8.4 -0.510476 -2.30615e-07
9.77367 1.71965 -0.510476 -1.0371e-12 -5.04 8.4 -0.510476 -2.31629e-07
9.78808 1.73152 -0.510476 -1.03484e-12 -5.04 8.4 -0.510476 -2.32636e-07
9.80247 1.74334 -0.510476 -1.03472e-12 -5.04 8.4 -0.510476 -2.33635e-07
9.81684 1.75511 -0.510476 -1.03179e-12 -5.04 8.4 -0.510476 -2.34627e-07
9.83118 1.76684 -0.510476 -1.02846e-12 -5.04 8.4 -0.510476 -2.35612e-07
9.8455 1.77851 -0.510476 -1.0234e-12 -5.04 8.4 -0.510476 -2.36589e-07
9.85979 1.79014 -0.510476 -1.02618e-12 -5.04 8.4 -0.510476 -2.3756e-07
9.87405 1.80172 -0.510476 -1.02629e-12 -5.04 8.4 -0.510476 -2.38523e-07
9.88829 1.81325 -0.510476 -1.03434e-12 -5.04 8.4 -0.510476 -2.3948e-07
9.90249 1.82473 -0.510476 -1.03517e-12 -5.04 8.4 -0.510476 -2.4043e-07
9.91666 1.83616 -0.510476 -1.0334e-12 -5.04 8.4 -0.510476 -2.41373e-07
9.9308 1.84754 -0.510476 -1.03811e-12 -5.04 8.4 -0.510476 -2.4231e-07
9.94491 1.85887 -0.510476 -1.04722e-12 -5.04 8.4 -0.510476 -2.4324e-07
9.95898 1.87015 -0.510476 -1.03384e-12 -5.04 8.4 -0.510476 -2.44163e-07
9.97302 1.88138 -0.510476 -1.0757e-12 -5.04 8.4 -0.510476 -2.4508e-07
9.98701 1.89255 -0.510476 -1.10667e-12 -5.04 8.4 -0.510476 -2.45991e-07
10.001 1.90368 -0.510476 -1.13221e-12 -5.04 8.4 -0.510476 -2.46895e-07
10.0149 1.91475 -0.510476 -1.1624e-12 -5.04 8.4 -0.510476 -2.47794e-07
10.0288 1.92577 -0.510476 -1.21647e-12 -5.04 8.4 -0.510476 -2.48686e-07
10.0426 1.93674 -0.510476 -1.22657e-12 -5.04 8.4 -0.510476 -2.49572e-07
10.0564 1.94766 -0.510476 -1.23301e-12 -5.04 8.4 -0.510476 -2.50453e-07
10.0701 1.95853 -0.510476 -1.2218e-12 -5.04 8.4 -0.510476 -2.51327e-07
10.0838 1.96934 -0.510476 -1.17684e-12 -5.04 8.4 -0.510476 -2.52196e-07
10.0975 1.9801 -0.510476 -1.19937e-12 -5.04 8.4 -0.510476 -2.53059e-07
10.1111 1.99081 -0.510476 -1.21791e-12 -5.04 8.4 -0.510476 -2.53916e-07
10.1246 2.00146 -0.510476 -1.21281e-12 -5.04 8.4 -0.510476 -2.54768e-07
10.1381 2.01207 -0.510476 -1.21969e-12 -5.04 8.4 -0.510476 -2.55614e-07
10.1516 2.02262 -0.510476 -1.20637e-12 -5.04 8.4 -0.510476 -2.56455e-07
10.165 2.03312 -0.510476 -1.20548e-12 -5.04 8.4 -0.510476 -2.5729e-07
10.1783 2.04357 -0.510476 -1.17151e-12 -5.04 8.4 -0.510476 -2.5812e-07
10.1916 2.05397 -0.510476 -1.13309e-12 -5.04 8.4 -0.510476 -2.58945e-07
10.2048 2.06431 -0.510476 -1.11711e-12 -5.04 8.4 -0.510476 -2.59765e-07
10.218 2.0746 -0.510476 -1.12577e-12 -5.04 8.4 -0.510476 -2.6058e-07
10.2311 2.08484 -0.510476 -1.01164e-12 -5.04 8.4 -0.510476 -2.61389e-07
10.2441 2.09503 -0.510476 -1.07425e-12 -5.04 8.4 -0.510476 -2.62194e-07
10.2571 2.10517 -0.510476 -1.10112e-12 -5.04 8.4 -0.510476 -2.62994e-07
10.2701 2.11526 -0.510476 -1.00653e-12 -5.04 8.4 -0.510476 -2.63789e-07
10.2829 2.12529 -0.510476 -9.60787e-13 -5.04 8.4 -0.510476 -2.64579e-07
10.2958 2.13528 -0.510476 -1.01008e-12 -5.04 8.4 -0.510476 -2.65364e-07
10.3085 2.14522 -0.510476 -1.1664e-12 -5.04 8.4 -0.510476 -2.66145e-07
10.3212 2.1551 -0.510476 -1.16418e-12 -5.04 8.4 -0.510476 -2.66921e-07
10.3338 2.16494 -0.510476 -1.16285e-12 -5.04 8.4 -0.510476 -2.67693e-07
10.3463 2.17472 -0.510476 -1.03295e-12 -5.04 8.4 -0.510476 -2.6846e-07
10.3588 2.18446 -0.510476 -1.05782e-12 -5.04 8.4 -0.510476 -2.69223e-07
10.3712 2.19415 -0.510476 -9.30367e-13 -5.04 8.4 -0.510476 -2.69982e-07
10.3836 2.20378 -0.510476 -9.77218e-13 -5.04 8.4 -0.510476 -2.70736e-07
10.3958 2.21337 -0.510476 -9.09273e-13 -5.04 8.4 -0.510476 -2.71486e-07
10.408 2.22292 -0.510476 -8.46212e-13 -5.04 8.4 -0.510476 -2.72232e-07
10.4201 2.23241 -0.510476 -8.17346e-13 -5.04 8.4 -0.510476 -2.72974e-07
10.4322 2.24186 -0.510476 -9.40359e-13 -5.04 8.4 -0.510476 -2.73712e-07
10.4442 2.25126 -0.510476 -8.31557e-13 -5.04 8.4 -0.510476 -2.74446e-07
10.4561 2.26061 -0.510476 -8.51319e-13 -5.04 8.4 -0.510476 -2.75176e-07
10.4679 2.26991 -0.510476 -8.35332e-13 -5.04 8.4 -0.510476 -2.75901e-07
10.4797 2.27917 -0.510476 -7.72493e-13 -5.04 8.4 -0.510476 -2.76624e-07
10.4913 2.28839 -0.510476 -7.85816e-13 -5.04 8.4 -0.510476 -2.77342e-07
10.5029 2.29756 -0.510476 -6.255e-13 -5.04 8.4 -0.510476 -2.78057e-07
10.5145 2.30668 -0.510476 -5.74207e-13 -5.04 8.4 -0.510476 -2.78768e-07
10.5259 2.31576 -0.510476 -5.05374e-13 -5.04 8.4 -0.510476 -2.79475e-07
10.5373 2.32479 -0.510476 -6.20393e-13 -5.04 8.4 -0.510476 -2.80179e-07
10.5485 2.33378 -0.510476 -6.19949e-13 -5.04 8.4 -0.510476 -2.80879e-07
10.5597 2.34273 -0.510476 -6.96554e-13 -5.04 8.4 -0.510476 -2.81576e-07
10.5709 2.35163 -0.510476 -6.85674e-13 -5.04 8.4 -0.510476 -2.8227e-07
10.5819 2.3605 -0.510476 -6.8634e-13 -5.04 8.4 -0.510476 -2.8296e-07
10.5929 2.36931 -0.510476 -7.01883e-13 -5.04 8.4 -0.510476 -2.83647e-07
10.6037 2.37809 -0.510476 -7.77822e-13 -5.04 8.4 -0.510476 -2.8433e-07
10.6145 2.38683 -0.510476 -5.91305e-13 -5.04 8.4 -0.510476 -2.8501e-07
10.6252 2.39552 -0.510476 -5.02931e-13 -5.04 8.4 -0.510476 -2.85688e-07
10.6358 2.40418 -0.510476 -4.33431e-13 -5.04 8.4 -0.510476 -2.86361e-07
10.6463 2.41279 -0.510476 -3.45723e-13 -5.04 8.4 -0.510476 -2.87032e-07
10.6568 2.42137 -0.510476 -4.02789e-13 -5.04 8.4 -0.510476 -2.877e-07
10.6671 2.4299 -0.510476 -4.24327e-13 -5.04 8.4 -0.510476 -2.88365e-07
10.6774 2.4384 -0.510476 -3.67928e-13 -5.04 8.4 -0.510476 -2.89027e-07
10.6876 2.44686 -0.510476 -3.69926e-13 -5.04 8.4 -0.510476 -2.89686e-07
10.6977 2.45528 -0.510476 -4.02345e-13 -5.04 8.4 -0.510476 -2.90342e-07
10.7077 2.46366 -0.510476 -3.6704e-13 -5.04 8.4 -0.510476 -2.90996e-07
10.7176 2.472 -0.510476 -3.69038e-13 -5.04 8.4 -0.510476 -2.91646e-07
10.7274 2.48031 -0.510476 -4.6696e-13 -5.04 8.4 -0.510476 -2.92294e-07
10.7371 2.48858 -0.510476 -5.88196e-13 -5.04 8.4 -0.510476 -2.92939e-07
10.7467 2.49682 -0.510476 -5.75096e-13 -5.04 8.4 -0.510476 -2.93582e-07
10.7563 2.50502 -0.510476 -5.79536e-13 -5.04 8.4 -0.510476 -2.94222e-07
10.7657 2.51319 -0.510476 -4.54969e-13 -5.04 8.4 -0.510476 -2.94859e-07
10.7751 2.52132 -0.510476 -4.76064e-13 -5.04 8.4 -0.510476 -2.95494e-07
10.7843 2.52942 -0.510476 -4.53415e-13 -5.04 8.4 -0.510476 -2.96126e-07
10.7935 2.53748 -0.510476 -6.32827e-13 -5.04 8.4 -0.510476 -2.96756e-07
10.8026 2.54552 -0.510476 -6.61027e-13 -5.04 8.4 -0.510476 -2.97384e-07
10.8115 2.55351 -0.510476 -6.42819e-13 -5.04 8.4 -0.510476 -2.98009e-07
10.8204 2.56148 -0.510476 -6.57696e-13 -5.04 8.4 -0.510476 -2.98631e-07
10.8292 2.56942 -0.510476 -7.42739e-13 -5.04 8.4 -0.510476 -2.99252e-07
10.8379 2.57732 -0.510476 -8.13571e-13 -5.04 8.4 -0.510476 -2.9987e-07
10.8464 2.58519 -0.510476 -7.51399e-13 -5.04 8.4 -0.510476 -3.00486e-07
10.8549 2.59303 -0.510476 -8.6553e-13 -5.04 8.4 -0.510476 -3.011e-07
10.8633 2.60084 -0.510476 -8.90399e-13 -5.04 8.4 -0.510476 -3.01712e-07
10.8716 2.60863 -0.510476 -7.10987e-13 -5.04 8.4 -0.510476 -3.02321e-07
10.8798 2.61638 -0.510476 -7.08988e-13 -5.04 8.4 -0.510476 -3.02929e-07
10.8879 2.6241 -0.510476 -7.00551e-13 -5.04 8.4 -0.510476 -3.03534e-07
10.8959 2.6318 -0.510476 -6.49925e-13 -5.04 8.4 -0.510476 -3.04138e-07
10.9038 2.63947 -0.510476 -6.03517e-13 -5.04 8.4 -0.510476 -3.04739e-07
10.9116 2.64711 -0.510476 -6.49258e-13 -5.04 8.4 -0.510476 -3.05339e-07
10.9192 2.65472 -0.510476 -6.09957e-13 -5.04 8.4 -0.510476 -3.05936e-07
10.9268 2.66231 -0.510476 -6.37712e-13 -5.04 8.4 -0.510476 -3.06532e-07
10.9343 2.66987 -0.510476 -3.99458e-13 -5.04 8.4 -0.510476 -3.07126e-07
10.9417 2.67741 -0.510476 -4.46976e-13 -5.04 8.4 -0.510476 -3.07718e-07
10.949 2.68492 -0.510476 -4.53859e-13 -5.04 8.4 -0.510476 -3.08309e-07
10.9561 2.6924 -0.510476 -4.04343e-13 -5.04 8.4 -0.510476 -3.08897e-07
10.9632 2.69986 -0.510476 -3.86358e-13 -5.04 8.4 -0.510476 -3.09484e-07
10.9702 2.7073 -0.510476 -1.95621e-13 -5.04 8.4 -0.510476 -3.1007e-07
10.9771 2.71471 -0.510476 -1.60094e-13 -5.04 8.4 -0.510476 -3.10653e-07
10.9838 2.7221 -0.510476 -1.07692e-13 -5.04 8.4 -0.510476 -3.11236e-07
10.9905 2.72947 -0.510476 1.28786e-14 -5.04 8.4 -0.510476 -3.11816e-07
10.997 2.73681 -0.510476 -4.4853e-14 -5.04 8.4 -0.510476 -3.12395e-07
11.0035 2.74414 -0.510476 -2.30926e-14 -5.04 8.4 -0.510476 -3.12972e-07
11.0098 2.75144 -0.510476 -1.66978e-13 -5.04 8.4 -0.510476 -3.13548e-07
11.016 2.75872 -0.510476 -1.00142e-13 -5.04 8.4 -0.510476 -3.14123e-07
11.0222 2.76598 -0.510476 -1.62093e-13 -5.04 8.4 -0.510476 -3.14696e-07
11.0282 2.77322 -0.510476 -2.62679e-13 -5.04 8.4 -0.510476 -3.15268e-07
11.0341 2.78044 -0.510476 -3.04423e-13 -5.04 8.4 -0.510476 -3.15838e-07
11.0399 2.78764 -0.510476 -4.31655e-13 -5.04 8.4 -0.510476 -3.16407e-07
11.0456 2.79482 -0.510476 -4.05898e-13 -5.04 8.4 -0.510476 -3.16975e-07
11.0512 2.80198 -0.510476 -4.70068e-13 -5.04 8.4 -0.510476 -3.17541e-07
11.0567 2.80912 -0.510476 -4.33431e-13 -5.04 8.4 -0.510476 -3.18106e-07
11.062 2.81625 -0.510476 -4.11449e-13 -5.04 8.4 -0.510476 -3.1867e-07
11.0673 2.82336 -0.510476 -5.03375e-13 -5.04 8.4 -0.510476 -3.19233e-07
11.0725 2.83045 -0.510476 -5.1581e-13 -5.04 8.4 -0.510476 -3.19795e-07
11.0775 2.83752 -0.510476 -4.9738e-13 -5.04 8.4 -0.510476 -3.20355e-07
11.0825 2.84458 -0.510476 -5.5822e-13 -5.04 8.4 -0.510476 -3.20914e-07
11.0873 2.85162 -0.510476 -6.38378e-13 -5.04 8.4 -0.510476 -3.21473e-07
11.092 2.85865 -0.510476 -6.06848e-13 -5.04 8.4 -0.510476 -3.2203e-07
11.0966 2.86566 -0.510476 -5.14477e-13 -5.04 8.4 -0.510476 -3.22586e-07
11.1011 2.87266 -0.510476 -5.28466e-13 -5.04 8.4 -0.510476 -3.23141e-07
11.1055 2.87964 -0.510476 -4.95604e-13 -5.04 8.4 -0.510476 -3.23695e-07
11.1098 2.88661 -0.510476 -4.3765e-13 -5.04 8.4 -0.510476 -3.24249e-07
11.114 2.89356 -0.510476 -4.85834e-13 -5.04 8.4 -0.510476 -3.24801e-07
11.118 2.9005 -0.510476 -4.9849e-13 -5.04 8.4 -0.510476 -3.25353e-07
11.122 2.90743 -0.510476 -5.15366e-13 -5.04 8.4 -0.510476 -3.25903e-07
11.1258 2.91435 -0.510476 -4.8006e-13 -5.04 8.4 -0.510476 -3.26453e-07
11.1296 2.92125 -0.510476 -3.77032e-13 -5.04 8.4 -0.510476 -3.27002e-07
11.1332 2.92815 -0.510476 -3.31735e-13 -5.04 8.4 -0.510476 -3.2755e-07
11.1367 2.93503 -0.510476 -3.62932e-13 -5.04 8.4 -0.510476 -3.28097e-07
11.1401 2.9419 -0.510476 -3.48388e-13 -5.04 8.4 -0.510476 -3.28644e-07
11.1434 2.94876 -0.510476 -3.52052e-13 -5.04 8.4 -0.510476 -3.2919e-07
11.1465 2.9556 -0.510476 -3.88467e-13 -5.04 8.4 -0.510476 -3.29735e-07
11.1496 2.96244 -0.510476 -3.78475e-13 -5.04 8.4 -0.510476 -3.3028e-07
11.1526 2.96927 -0.510476 -3.88578e-13 -5.04 8.4 -0.510476 -3.30824e-07
11.1554 2.97609 -0.510476 -3.67151e-13 -5.04 8.4 -0.510476 -3.31367e-07
11.1581 2.98291 -0.510476 -3.90576e-13 -5.04 8.4 -0.510476 -3.3191e-07
11.1607 2.98971 -0.510476 -3.69482e-13 -5.04 8.4 -0.510476 -3.32452e-07
11.1632 2.9965 -0.510476 -4.03122e-13 -5.04 8.4 -0.510476 -3.32993e-07
11.1656 3.00329 -0.510476 -3.87246e-13 -5.04 8.4 -0.510476 -3.33534e-07
11.1679 3.01007 -0.510476 -3.77365e-13 -5.04 8.4 -0.510476 -3.34075e-07
11.17 3.01684 -0.510476 -3.79141e-13 -5.04 8.4 -0.510476 -3.34615e-07
11.1721 3.02361 -0.510476 -3.80806e-13 -5.04 8.4 -0.510476 -3.35155e-07
11.174 3.03037 -0.510476 -3.93685e-13 -5.04 8.4 -0.510476 -3.35694e-07
11.1758 3.03713 -0.510476 -4.67959e-13 -5.04 8.4 -0.510476 -3.36233e-07
11.1775 3.04388 -0.510476 -5.02987e-13 -5.04 8.4 -0.510476 -3.36772e-07
11.1791 3.05062 -0.510476 -5.12534e-13 -5.04 8.4 -0.510476 -3.3731e-07
11.1806 3.05736 -0.510476 -5.16254e-13 -5.04 8.4 -0.510476 -3.37848e-07
11.182 3.06409 -0.510476 -4.97435e-13 -5.04 8.4 -0.510476 -3.38385e-07
11.1832 3.07082 -0.510476 -5.16365e-13 -5.04 8.4 -0.510476 -3.38922e-07
11.1844 3.07755 -0.510476 -5.26357e-13 -5.04 8.4 -0.510476 -3.39459e-07
11.1854 3.08427 -0.510476 -5.07816e-13 -5.04 8.4 -0.510476 -3.39996e-07
11.1863 3.09099 -0.510476 -5.16753e-13 -5.04 8.4 -0.510476 -3.40533e-07
11.1871 3.09771 -0.510476 -5.21666e-13 -5.04 8.4 -0.510476 -3.41069e-07
11.1878 3.10443 -0.510476 -5.24275e-13 -5.04 8.4 -0.510476 -3.41605e-07
11.1884 3.11114 -0.510476 -5.33129e-13 -5.04 8.4 -0.510476 -3.42142e-07
11.1888 3.11785 -0.510476 -5.39305e-13 -5.04 8.4 -0.510476 -3.42678e-07
11.1892 3.12456 -0.510476 -5.36626e-13 -5.04 8.4 -0.510476 -3.43214e-07
11.1894 3.13127 -0.510476 -5.36286e-13 -5.04 8.4 -0.510476 -3.43749e-07
11.1895 3.13798 -0.510476 -5.36647e-13 -5.04 8.4 -0.510476 -3.44285e-07
11.1895 -3.13849 -0.510476 -5.36581e-13 -5.04 8.4 -0.510476 -3.44821e-07
11.1894 -3.13179 -0.510476 -5.36869e-13 -5.04 8.4 -0.510476 -3.45357e-07
11.1892 -3.12508 -0.510476 -5.36654e-13 -5.04 8.4 -0.510476 -3.45893e-07
11.1889 -3.11836 -0.510476 -5.34767e-13 -5.04 8.4 -0.510476 -3.46429e-07
11.1884 -3.11165 -0.510476 -5.23359e-13 -5.04 8.4 -0.510476 -3.46965e-07
11.1879 -3.10494 -0.510476 -5.13894e-13 -5.04 8.4 -0.510476 -3.47501e-07
11.1872 -3.09822 -0.510476 -5.09204e-13 -5.04 8.4 -0.510476 -3.48037e-07
11.1864 -3.09151 -0.510476 -5.01765e-13 -5.04 8.4 -0.510476 -3.48574e-07
11.1855 -3.08479 -0.510476 -4.8922e-13 -5.04 8.4 -0.510476 -3.4911e-07
11.1845 -3.07806 -0.510476 -4.84224e-13 -5.04 8.4 -0.510476 -3.49647e-07
11.1833 -3.07134 -0.510476 -4.57634e-13 -5.04 8.4 -0.510476 -3.50184e-07
11.1821 -3.06461 -0.510476 -4.57412e-13 -5.04 8.4 -0.510476 -3.50721e-07
11.1807 -3.05787 -0.510476 -5.13645e-13 -5.04 8.4 -0.510476 -3.51259e-07
11.1793 -3.05113 -0.510476 -5.07316e-13 -5.04 8.4 -0.510476 -3.51796e-07
11.1777 -3.04439 -0.510476 -4.95159e-13 -5.04 8.4 -0.510476 -3.52335e-07
11.176 -3.03764 -0.510476 -4.98823e-13 -5.04 8.4 -0.510476 -3.52873e-07
11.1742 -3.03089 -0.510476 -5.42344e-13 -5.04 8.4 -0.510476 -3.53412e-07
11.1722 -3.02413 -0.510476 -5.46674e-13 -5.04 8.4 -0.510476 -3.53951e-07
11.1702 -3.01736 -0.510476 -5.10814e-13 -5.04 8.4 -0.510476 -3.54491e-07
11.168 -3.01059 -0.510476 -4.75953e-13 -5.04 8.4 -0.510476 -3.55031e-07
11.1658 -3.00381 -0.510476 -4.78173e-13 -5.04 8.4 -0.510476 -3.55571e-07
11.1634 -2.99702 -0.510476 -5.05151e-13 -5.04 8.4 -0.510476 -3.56112e-07
11.1609 -2.99023 -0.510476 -5.0937e-13 -5.04 8.4 -0.510476 -3.56654e-07
11.1583 -2.98342 -0.510476 -4.53526e-13 -5.04 8.4 -0.510476 -3.57196e-07
11.1556 -2.97661 -0.510476 -4.60298e-13 -5.04 8.4 -0.510476 -3.57739e-07
11.1528 -2.96979 -0.510476 -4.87277e-13 -5.04 8.4 -0.510476 -3.58282e-07
11.1498 -2.96296 -0.510476 -4.45088e-13 -5.04 8.4 -0.510476 -3.58826e-07
11.1468 -2.95613 -0.510476 -4.39426e-13 -5.04 8.4 -0.510476 -3.5937e-07
11.1436 -2.94928 -0.510476 -3.73701e-13 -5.04 8.4 -0.510476 -3.59916e-07
11.1403 -2.94242 -0.510476 -3.48166e-13 -5.04 8.4 -0.510476 -3.60461e-07
11.137 -2.93555 -0.510476 -3.87024e-13 -5.04 8.4 -0.510476 -3.61008e-07
11.1335 -2.92867 -0.510476 -4.21219e-13 -5.04 8.4 -0.510476 -3.61555e-07
11.1298 -2.92178 -0.510476 -3.88356e-13 -5.04 8.4 -0.510476 -3.62103e-07
11.1261 -2.91488 -0.510476 -3.47278e-13 -5.04 8.4 -0.510476 -3.62652e-07
11.1223 -2.90796 -0.510476 -3.82583e-13 -5.04 8.4 -0.510476 -3.63202e-07
11.1184 -2.90103 -0.510476 -3.59934e-13 -5.04 8.4 -0.510476 -3.63752e-07
11.1143 -2.89409 -0.510476 -4.10338e-13 -5.04 8.4 -0.510476 -3.64304e-07
11.1101 -2.88714 -0.510476 -4.90274e-13 -5.04 8.4 -0.510476 -3.64856e-07
11.1059 -2.88017 -0.510476 -5.1914e-13 -5.04 8.4 -0.510476 -3.65409e-07
11.1015 -2.87319 -0.510476 -5.53335e-13 -5.04 8.4 -0.510476 -3.65963e-07
11.097 -2.86619 -0.510476 -4.88054e-13 -5.04 8.4 -0.510476 -3.66519e-07
11.0924 -2.85918 -0.510476 -4.92051e-13 -5.04 8.4 -0.510476 -3.67075e-07
11.0877 -2.85216 -0.510476 -4.76508e-13 -5.04 8.4 -0.510476 -3.67632e-07
11.0828 -2.84512 -0.510476 -3.77032e-13 -5.04 8.4 -0.510476 -3.6819e-07
11.0779 -2.83806 -0.510476 -3.84581e-13 -5.04 8.4 -0.510476 -3.68749e-07
11.0729 -2.83099 -0.510476 -5.73319e-13 -5.04 8.4 -0.510476 -3.6931e-07
11.0677 -2.8239 -0.510476 -6.08846e-13 -5.04 8.4 -0.510476 -3.69871e-07
11.0625 -2.81679 -0.510476 -4.62963e-13 -5.04 8.4 -0.510476 -3.70434e-07
11.0571 -2.80967 -0.510476 -4.94493e-13 -5.04 8.4 -0.510476 -3.70997e-07
11.0516 -2.80252 -0.510476 -4.33209e-13 -5.04 8.4 -0.510476 -3.71563e-07
11.046 -2.79536 -0.510476 -4.69402e-13 -5.04 8.4 -0.510476 -3.72129e-07
11.0403 -2.78818 -0.510476 -5.42011e-13 -5.04 8.4 -0.510476 -3.72696e-07
11.0345 -2.78099 -0.510476 -5.12923e-13 -5.04 8.4 -0.510476 -3.73265e-07
11.0286 -2.77377 -0.510476 -5.08482e-13 -5.04 8.4 -0.510476 -3.73836e-07
11.0226 -2.76653 -0.510476 -5.4845e-13 -5.04 8.4 -0.510476 -3.74407e-07
11.0165 -2.75927 -0.510476 -4.07674e-13 -5.04 8.4 -0.510476 -3.7498e-07
11.0103 -2.75199 -0.510476 -4.14335e-13 -5.04 8.4 -0.510476 -3.75554e-07
11.0039 -2.74469 -0.510476 -2.96208e-13 -5.04 8.4 -0.510476 -3.7613e-07
10.9975 -2.73737 -0.510476 -2.85993e-13 -5.04 8.4 -0.510476 -3.76708e-07
10.991 -2.73003 -0.510476 -4.91163e-13 -5.04 8.4 -0.510476 -3.77286e-07
10.9843 -2.72267 -0.510476 -6.11067e-13 -5.04 8.4 -0.510476 -3.77867e-07
10.9776 -2.71528 -0.510476 -5.40679e-13 -5.04 8.4 -0.510476 -3.78449e-07
10.9707 -2.70787 -0.510476 -4.301e-13 -5.04 8.4 -0.510476 -3.79032e-07
10.9638 -2.70043 -0.510476 -4.47198e-13 -5.04 8.4 -0.510476 -3.79618e-07
10.9567 -2.69297 -0.510476 -4.24327e-13 -5.04 8.4 -0.510476 -3.80204e-07
10.9495 -2.68549 -0.510476 -4.16778e-13 -5.04 8.4 -0.510476 -3.80793e-07
10.9423 -2.67798 -0.510476 -2.90878e-13 -5.04 8.4 -0.510476 -3.81383e-07
10.9349 -2.67045 -0.510476 -2.84439e-13 -5.04 8.4 -0.510476 -3.81975e-07
10.9274 -2.66289 -0.510476 -4.10783e-14 -5.04 8.4 -0.510476 -3.82569e-07
10.9198 -2.6553 -0.510476 4.10783e-14 -5.04 8.4 -0.510476 -3.83165e-07
10.9121 -2.64769 -0.510476 -6.61693e-14 -5.04 8.4 -0.510476 -3.83762e-07
10.9044 -2.64005 -0.510476 -4.50751e-14 -5.04 8.4 -0.510476 -3.84362e-07
10.8965 -2.63239 -0.510476 3.06422e-14 -5.04 8.4 -0.510476 -3.84963e-07
10.8885 -2.62469 -0.510476 2.57572e-14 -5.04 8.4 -0.510476 -3.85566e-07
10.8804 -2.61697 -0.510476 -1.9984e-15 -5.04 8.4 -0.510476 -3.86172e-07
10.8722 -2.60922 -0.510476 7.99361e-14 -5.04 8.4 -0.510476 -3.86779e-07
10.864 -2.60144 -0.510476 2.81997e-14 -5.04 8.4 -0.510476 -3.87389e-07
10.8556 -2.59363 -0.510476 1.32783e-13 -5.04 8.4 -0.510476 -3.88e-07
10.8471 -2.58579 -0.510476 2.06279e-13 -5.04 8.4 -0.510476 -3.88614e-07
10.8385 -2.57792 -0.510476 2.75335e-13 -5.04 8.4 -0.510476 -3.8923e-07
10.8299 -2.57002 -0.510476 3.01537e-13 -5.04 8.4 -0.510476 -3.89848e-07
10.8211 -2.56209 -0.510476 3.34177e-13 -5.04 8.4 -0.510476 -3.90468e-07
10.8122 -2.55412 -0.510476 3.66818e-13 -5.04 8.4 -0.510476 -3.91091e-07
10.8033 -2.54613 -0.510476 4.28324e-13 -5.04 8.4 -0.510476 -3.91716e-07
10.7942 -2.5381 -0.510476 4.95826e-13 -5.04 8.4 -0.510476 -3.92343e-07
10.785 -2.53004 -0.510476 5.93081e-13 -5.04 8.4 -0.510476 -3.92973e-07
10.7758 -2.52194 -0.510476 5.74873e-13 -5.04 8.4 -0.510476 -3.93605e-07
10.7664 -2.51381 -0.510476 7.43627e-13 -5.04 8.4 -0.510476 -3.94239e-07
10.757 -2.50565 -0.510476 8.62421e-13 -5.04 8.4 -0.510476 -3.94877e-07
10.7475 -2.49745 -0.510476 9.43245e-13 -5.04 8.4 -0.510476 -3.95516e-07
10.7379 -2.48921 -0.510476 9.56346e-13 -5.04 8.4 -0.510476 -3.96159e-07
10.7281 -2.48095 -0.510476 9.69891e-13 -5.04 8.4 -0.510476 -3.96804e-07
10.7183 -2.47264 -0.510476 9.94094e-13 -5.04 8.4 -0.510476 -3.97451e-07
10.7084 -2.4643 -0.510476 9.26592e-13 -5.04 8.4 -0.510476 -3.98102e-07
10.6984 -2.45592 -0.510476 1.0425e-12 -5.04 8.4 -0.510476 -3.98755e-07
10.6884 -2.4475 -0.510476 1.02585e-12 -5.04 8.4 -0.510476 -3.99411e-07
10.6782 -2.43904 -0.510476 9.93872e-13 -5.04 8.4 -0.510476 -4.0007e-07
10.6679 -2.43055 -0.510476 1.21925e-12 -5.04 8.4 -0.510476 -4.00731e-07
10.6576 -2.42202 -0.510476 1.31584e-12 -5.04 8.4 -0.510476 -4.01396e-07
10.6472 -2.41345 -0.510476 1.40421e-12 -5.04 8.4 -0.510476 -4.02064e-07
10.6366 -2.40484 -0.510476 1.47882e-12 -5.04 8.4 -0.510476 -4.02734e-07
10.626 -2.39618 -0.510476 1.49036e-12 -5.04 8.4 -0.510476 -4.03408e-07
10.6153 -2.38749 -0.510476 1.52633e-12 -5.04 8.4 -0.510476 -4.04085e-07
10.6046 -2.37876 -0.510476 1.43507e-12 -5.04 8.4 -0.510476 -4.04765e-07
10.5937 -2.36999 -0.510476 1.46994e-12 -5.04 8.4 -0.510476 -4.05448e-07
10.5827 -2.36117 -0.510476 1.46705e-12 -5.04 8.4 -0.510476 -4.06135e-07
10.5717 -2.35231 -0.510476 1.4817e-12 -5.04 8.4 -0.510476 -4.06824e-07
10.5606 -2.34341 -0.510476 1.50679e-12 -5.04 8.4 -0.510476 -4.07518e-07
10.5494 -2.33447 -0.510476 1.41531e-12 -5.04 8.4 -0.510476 -4.08214e-07
10.5381 -2.32548 -0.510476 1.39622e-12 -5.04 8.4 -0.510476 -4.08914e-07
10.5268 -2.31645 -0.510476 1.30296e-12 -5.04 8.4 -0.510476 -4.09618e-07
10.5153 -2.30737 -0.510476 1.27875e-12 -5.04 8.4 -0.510476 -4.10325e-07
10.5038 -2.29825 -0.510476 1.15374e-12 -5.04 8.4 -0.510476 -4.11036e-07
10.4922 -2.28909 -0.510476 9.80993e-13 -5.04 8.4 -0.510476 -4.1175e-07
10.4806 -2.27988 -0.510476 1.02696e-12 -5.04 8.4 -0.510476 -4.12468e-07
10.4688 -2.27062 -0.510476 1.01452e-12 -5.04 8.4 -0.510476 -4.1319e-07
10.457 -2.26132 -0.510476 9.86766e-13 -5.04 8.4 -0.510476 -4.13916e-07
10.4451 -2.25197 -0.510476 9.1549e-13 -5.04 8.4 -0.510476 -4.14645e-07
10.4331 -2.24258 -0.510476 9.39471e-13 -5.04 8.4 -0.510476 -4.15379e-07
10.4211 -2.23313 -0.510476 8.64198e-13 -5.04 8.4 -0.510476 -4.16116e-07
10.409 -2.22364 -0.510476 9.5346e-13 -5.04 8.4 -0.510476 -4.16858e-07
10.3968 -2.2141 -0.510476 9.45688e-13 -5.04 8.4 -0.510476 -4.17603e-07
10.3845 -2.20452 -0.510476 9.20597e-13 -5.04 8.4 -0.510476 -4.18353e-07
10.3722 -2.19488 -0.510476 9.94316e-13 -5.04 8.4 -0.510476 -4.19107e-07
10.3598 -2.1852 -0.510476 9.20375e-13 -5.04 8.4 -0.510476 -4.19865e-07
10.3473 -2.17547 -0.510476 9.96758e-13 -5.04 8.4 -0.510476 -4.20628e-07
10.3347 -2.16569 -0.510476 1.10134e-12 -5.04 8.4 -0.510476 -4.21395e-07
10.3221 -2.15585 -0.510476 1.07514e-12 -5.04 8.4 -0.510476 -4.22166e-07
10.3095 -2.14597 -0.510476 1.02962e-12 -5.04 8.4 -0.510476 -4.22942e-07
10.2967 -2.13604 -0.510476 1.02651e-12 -5.04 8.4 -0.510476 -4.23723e-07
10.2839 -2.12606 -0.510476 1.01541e-12 -5.04 8.4 -0.510476 -4.24508e-07
10.2711 -2.11603 -0.510476 1.03406e-12 -5.04 8.4 -0.510476 -4.25298e-07
10.2581 -2.10594 -0.510476 1.05871e-12 -5.04 8.4 -0.510476 -4.26092e-07
10.2451 -2.09581 -0.510476 1.10489e-12 -5.04 8.4 -0.510476 -4.26892e-07
10.2321 -2.08562 -0.510476 1.12488e-12 -5.04 8.4 -0.510476 -4.27696e-07
10.219 -2.07539 -0.510476 1.17151e-12 -5.04 8.4 -0.510476 -4.28505e-07
10.2058 -2.0651 -0.510476 1.23546e-12 -5.04 8.4 -0.510476 -4.29319e-07
10.1926 -2.05476 -0.510476 1.22058e-12 -5.04 8.4 -0.510476 -4.30139e-07
10.1793 -2.04437 -0.510476 1.26832e-12 -5.04 8.4 -0.510476 -4.30963e-07
10.166 -2.03392 -0.510476 1.28808e-12 -5.04 8.4 -0.510476 -4.31793e-07
10.1526 -2.02342 -0.510476 1.29186e-12 -5.04 8.4 -0.510476 -4.32628e-07
10.1392 -2.01288 -0.510476 1.30251e-12 -5.04 8.4 -0.510476 -4.33468e-07
10.1257 -2.00228 -0.510476 1.2762e-12 -5.04 8.4 -0.510476 -4.34314e-07
10.1121 -1.99162 -0.510476 1.39522e-12 -5.04 8.4 -0.510476 -4.35166e-07
10.0985 -1.98092 -0.510476 1.42586e-12 -5.04 8.4 -0.510476 -4.36023e-07
10.0849 -1.97016 -0.510476 1.44351e-12 -5.04 8.4 -0.510476 -4.36885e-07
10.0712 -1.95935 -0.510476 1.40443e-12 -5.04 8.4 -0.510476 -4.37753e-07
10.0574 -1.94849 -0.510476 1.38811e-12 -5.04 8.4 -0.510476 -4.38627e-07
10.0437 -1.93758 -0.510476 1.38767e-12 -5.04 8.4 -0.510476 -4.39507e-07
10.0298 -1.92661 -0.510476 1.35625e-12 -5.04 8.4 -0.510476 -4.40393e-07
10.016 -1.9156 -0.510476 1.41132e-12 -5.04 8.4 -0.510476 -4.41285e-07
10.002 -1.90453 -0.510476 1.43008e-12 -5.04 8.4 -0.510476 -4.42183e-07
9.98809 -1.89341 -0.510476 1.42863e-12 -5.04 8.4 -0.510476 -4.43087e-07
9.97409 -1.88223 -0.510476 1.37645e-12 -5.04 8.4 -0.510476 -4.43997e-07
9.96006 -1.87101 -0.510476 1.3628e-12 -5.04 8.4 -0.510476 -4.44914e-07
9.94599 -1.85974 -0.510476 1.36097e-12 -5.04 8.4 -0.510476 -4.45837e-07
9.93189 -1.84841 -0.510476 1.40526e-12 -5.04 8.4 -0.510476 -4.46766e-07
9.91775 -1.83703 -0.510476 1.37856e-12 -5.04 8.4 -0.510476 -4.47702e-07
9.90358 -1.82561 -0.510476 1.38334e-12 -5.04 8.4 -0.510476 -4.48645e-07
9.88938 -1.81413 -0.510476 1.38167e-12 -5.04 8.4 -0.510476 -4.49594e-07
9.87514 -1.8026 -0.510476 1.36482e-12 -5.04 8.4 -0.510476 -4.5055e-07
9.86088 -1.79103 -0.510476 1.36405e-12 -5.04 8.4 -0.510476 -4.51514e-07
9.84659 -1.7794 -0.510476 1.35869e-12 -5.04 8.4 -0.510476 -4.52483e-07
9.83228 -1.76773 -0.510476 1.36112e-12 -5.04 8.4 -0.510476 -4.53461e-07
9.81794 -1.75601 -0.510476 1.358e-12 -5.04 8.4 -0.510476 -4.54445e-07
9.80357 -1.74424 -0.510476 1.35844e-12 -5.04 8.4 -0.510476 -4.55436e-07
9.78919 -1.73242 -0.510476 1.35837e-12 -5.04 8.4 -0.510476 -4.56435e-07
9.77478 -1.72056 -0.510476 1.35708e-12 -5.04 8.4 -0.510476 -4.57441e-07
9.76035 -1.70865 -0.510476 1.35901e-12 -5.04 8.4 -0.510476 -4.58454e-07
9.74591 -1.6967 -0.510476 1.35433e-12 -5.04 8.4 -0.510476 -4.59475e-07
9.73145 -1.6847 -0.510476 1.34864e-12 -5.04 8.4 -0.510476 -4.60504e-07
9.71698 -1.67265 -0.510476 1.36752e-12 -5.04 8.4 -0.510476 -4.6154e-07
9.70249 -1.66057 -0.510476 1.37862e-12 -5.04 8.4 -0.510476 -4.62584e-07
9.68799 -1.64844 -0.510476 1.37007e-12 -5.04 8.4 -0.510476 -4.63636e-07
9.67348 -1.63626 -0.510476 1.36824e-12 -5.04 8.4 -0.510476 -4.64697e-07
9.65896 -1.62405 -0.510476 1.40638e-12 -5.04 8.4 -0.510476 -4.65765e-07
9.64444 -1.61179 -0.510476 1.4263e-12 -5.04 8.4 -0.510476 -4.66841e-07
9.62991 -1.59949 -0.510476 1.40254e-12 -5.04 8.4 -0.510476 -4.67925e-07
9.61538 -1.58716 -0.510476 1.39044e-12 -5.04 8.4 -0.510476 -4.69018e-07
9.60084 -1.57478 -0.510476 1.38012e-12 -5.04 8.4 -0.510476 -4.70119e-07
9.5863 -1.56237 -0.510476 1.32538e-12 -5.04 8.4 -0.510476 -4.71229e-07
9.57177 -1.54992 -0.510476 1.33471e-12 -5.04 8.4 -0.510476 -4.72347e-07
9.55724 -1.53744 -0.510476 1.35858e-12 -5.04 8.4 -0.510476 -4.73474e-07
9.54271 -1.52492 -0.510476 1.33726e-12 -5.04 8.4 -0.510476 -4.7461e-07
9.52819 -1.51236 -0.510476 1.35714e-12 -5.04 8.4 -0.510476 -4.75755e-07
9.51367 -1.49977 -0.510476 1.37401e-12 -5.04 8.4 -0.510476 -4.76908e-07
9.49917 -1.48715 -0.510476 1.44329e-12 -5.04 8.4 -0.510476 -4.78071e-07
9.48467 -1.4745 -0.510476 1.4464e-12 -5.04 8.4 -0.510476 -4.79243e-07
9.47019 -1.46181 -0.510476 1.4384e-12 -5.04 8.4 -0.510476 -4.80424e-07
9.45573 -1.4491 -0.510476 1.46105e-12 -5.04 8.4 -0.510476 -4.81614e-07
9.44128 -1.43636 -0.510476 1.51612e-12 -5.04 8.4 -0.510476 -4.82814e-07
9.42685 -1.42359 -0.510476 1.49258e-12 -5.04 8.4 -0.510476 -4.84023e-07
9.41244 -1.4108 -0.510476 1.53078e-12 -5.04 8.4 -0.510476 -4.85242e-07
9.39805 -1.39798 -0.510476 1.65401e-12 -5.04 8.4 -0.510476 -4.8647e-07
9.38369 -1.38513 -0.510476 1.66755e-12 -5.04 8.4 -0.510476 -4.87708e-07
9.36935 -1.37226 -0.510476 1.60338e-12 -5.04 8.4 -0.510476 -4.88956e-07
9.35504 -1.35937 -0.510476 1.61138e-12 -5.04 8.4 -0.510476 -4.90214e-07
9.34076 -1.34646 -0.510476 1.62292e-12 -5.04 8.4 -0.510476 -4.91482e-07
9.32651 -1.33353 -0.510476 1.64735e-12 -5.04 8.4 -0.510476 -4.9276e-07
9.31229 -1.32058 -0.510476 1.66422e-12 -5.04 8.4 -0.510476 -4.94048e-07
9.29811 -1.30761 -0.510476 1.65512e-12 -5.04 8.4 -0.510476 -4.95347e-07
9.28396 -1.29462 -0.510476 1.67089e-12 -5.04 8.4 -0.510476 -4.96655e-07
9.26986 -1.28162 -0.510476 1.7164e-12 -5.04 8.4 -0.510476 -4.97974e-07
9.25579 -1.26861 -0.510476 1.73794e-12 -5.04 8.4 -0.510476 -4.99304e-07
9.24177 -1.25558 -0.510476 1.6942e-12 -5.04 8.4 -0.510476 -5.00644e-07
9.2278 -1.24254 -0.510476 1.70419e-12 -5.04 8.4 -0.510476 -5.01995e-07
9.21387 -1.22949 -0.510476 1.67333e-12 -5.04 8.4 -0.510476 -5.03357e-07
9.19998 -1.21642 -0.510476 1.7355e-12 -5.04 8.4 -0.510476 -5.04729e-07
9.18615 -1.20335 -0.510476 1.74949e-12 -5.04 8.4 -0.510476 -5.06112e-07
9.17238 -1.19027 -0.510476 1.74571e-12 -5.04 8.4 -0.510476 -5.07507e-07
9.15865 -1.17719 -0.510476 1.71019e-12 -5.04 8.4 -0.510476 -5.08912e-07
9.14499 -1.1641 -0.510476 1.63158e-12 -5.04 8.4 -0.510476 -5.10328e-07
9.13138 -1.151 -0.510476 1.61937e-12 -5.04 8.4 -0.510476 -5.11756e-07
9.11784 -1.1379 -0.510476 1.65934e-12 -5.04 8.4 -0.510476 -5.13194e-07
9.10436 -1.1248 -0.510476 1.57718e-12 -5.04 8.4 -0.510476 -5.14644e-07
9.09094 -1.11169 -0.510476 1.58185e-12 -5.04 8.4 -0.510476 -5.16106e-07
9.07759 -1.09859 -0.510476 1.66578e-12 -5.04 8.4 -0.510476 -5.17578e-07
9.06431 -1.08548 -0.510476 1.64802e-12 -5.04 8.4 -0.510476 -5.19063e-07
9.0511 -1.07238 -0.510476 1.63336e-12 -5.04 8.4 -0.510476 -5.20558e-07
9.03796 -1.05928 -0.510476 1.46505e-12 -5.04 8.4 -0.510476 -5.22066e-07
9.0249 -1.04618 -0.510476 1.37401e-12 -5.04 8.4 -0.510476 -5.23584e-07
9.01192 -1.03309 -0.510476 1.28209e-12 -5.04 8.4 -0.510476 -5.25115e-07
8.99902 -1.02001 -0.510476 1.16041e-12 -5.04 8.4 -0.510476 -5.26657e-07
8.9862 -1.00693 -0.510476 1.15108e-12 -5.04 8.4 -0.510476 -5.28211e-07
8.97346 -0.993851 -0.510476 1.10711e-12 -5.04 8.4 -0.510476 -5.29777e-07
8.96081 -0.980786 -0.510476 1.09068e-12 -5.04 8.4 -0.510476 -5.31355e-07
8.94825 -0.967729 -0.510476 1.00897e-12 -5.04 8.4 -0.510476 -5.32944e-07
8.93578 -0.954681 -0.510476 1.04983e-12 -5.04 8.4 -0.510476 -5.34546e-07
8.9234 -0.941644 -0.510476 1.0334e-12 -5.04 8.4 -0.510476 -5.36159e-07
8.91112 -0.928618 -0.510476 9.21041e-13 -5.04 8.4 -0.510476 -5.37785e-07
8.89893 -0.915603 -0.510476 7.56284e-13 -5.04 8.4 -0.510476 -5.39422e-07
8.88684 -0.902602 -0.510476 7.49178e-13 -5.04 8.4 -0.510476 -5.41071e-07
8.87485 -0.889613 -0.510476 7.13651e-13 -5.04 8.4 -0.510476 -5.42732e-07
8.86297 -0.876638 -0.510476 8.00693e-13 -5.04 8.4 -0.510476 -5.44406e-07
8.85119 -0.863678 -0.510476 9.46798e-13 -5.04 8.4 -0.510476 -5.46091e-07
8.83952 -0.850732 -0.510476 9.9476e-13 -5.04 8.4 -0.510476 -5.47788e-07
8.82796 -0.837803 -0.510476 1.09601e-12 -5.04 8.4 -0.510476 -5.49498e-07
8.8165 -0.824889 -0.510476 1.20259e-12 -5.04 8.4 -0.510476 -5.51219e-07
8.80517 -0.811993 -0.510476 1.27498e-12 -5.04 8.4 -0.510476 -5.52952e-07
8.79395 -0.799113 -0.510476 1.34914e-12 -5.04 8.4 -0.510476 -5.54698e-07
8.78284 -0.786251 -0.510476 1.41398e-12 -5.04 8.4 -0.510476 -5.56455e-07
8.77186 -0.773407 -0.510476 1.49791e-12 -5.04 8.4 -0.510476 -5.58224e-07
8.761 -0.760582 -0.510476 1.54854e-12 -5.04 8.4 -0.510476 -5.60005e-07
8.75027 -0.747775 -0.510476 1.4202e-12 -5.04 8.4 -0.510476 -5.61798e-07
8.73966 -0.734988 -0.510476 1.31184e-12 -5.04 8.4 -0.510476 -5.63603e-07
8.72917 -0.72222 -0.510476 1.28608e-12 -5.04 8.4 -0.510476 -5.6542e-07
8.71882 -0.709472 -0.510476 1.03562e-12 -5.04 8.4 -0.510476 -5.67248e-07
8.7086 -0.696744 -0.510476 1.15952e-12 -5.04 8.4 -0.510476 -5.69089e-07
8.69852 -0.684036 -0.510476 1.16263e-12 -5.04 8.4 -0.510476 -5.7094e-07
8.68857 -0.671348 -0.510476 1.19238e-12 -5.04 8.4 -0.510476 -5.72804e-07
8.67876 -0.658682 -0.510476 1.29496e-12 -5.04 8.4 -0.510476 -5.74678e-07
8.66909 -0.646036 -0.510476 1.26121e-12 -5.04 8.4 -0.510476 -5.76565e-07
8.65956 -0.633411 -0.510476 1.06581e-12 -5.04 8.4 -0.510476 -5.78463e-07
8.65018 -0.620807 -0.510476 1.15197e-12 -5.04 8.4 -0.510476 -5.80371e-07
8.64094 -0.608223 -0.510476 1.21014e-12 -5.04 8.4 -0.510476 -5.82292e-07
8.63185 -0.595662 -0.510476 1.31051e-12 -5.04 8.4 -0.510476 -5.84223e-07
8.62292 -0.583121 -0.510476 1.33049e-12 -5.04 8.4 -0.510476 -5.86165e-07
8.61413 -0.570601 -0.510476 1.39266e-12 -5.04 8.4 -0.510476 -5.88118e-07
8.6055 -0.558102 -0.510476 1.48903e-12 -5.04 8.4 -0.510476 -5.90082e-07
8.59702 -0.545624 -0.510476 1.48326e-12 -5.04 8.4 -0.510476 -5.92056e-07
8.5887 -0.533168 -0.510476 1.50546e-12 -5.04 8.4 -0.510476 -5.94041e-07
8.58053 -0.520732 -0.510476 1.47304e-12 -5.04 8.4 -0.510476 -5.96036e-07
8.57253 -0.508316 -0.510476 1.39e-12 -5.04 8.4 -0.510476 -5.98042e-07
8.56469 -0.495921 -0.510476 1.40021e-12 -5.04 8.4 -0.510476 -6.00058e-07
8.55702 -0.483547 -0.510476 1.23679e-12 -5.04 8.4 -0.510476 -6.02084e-07
8.54951 -0.471192 -0.510476 1.26343e-12 -5.04 8.4 -0.510476 -6.04119e-07
8.54217 -0.458857 -0.510476 1.47016e-12 -5.04 8.4 -0.510476 -6.06164e-07
8.535 -0.446542 -0.510476 1.45217e-12 -5.04 8.4 -0.510476 -6.08219e-07
8.528 -0.434247 -0.510476 1.54543e-12 -5.04 8.4 -0.510476 -6.10283e-07
8.52117 -0.42197 -0.510476 1.48126e-12 -5.04 8.4 -0.510476 -6.12357e-07
8.51451 -0.409712 -0.510476 1.52656e-12 -5.04 8.4 -0.510476 -6.14439e-07
8.50803 -0.397473 -0.510476 1.5532e-12 -5.04 8.4 -0.510476 -6.1653e-07
8.50173 -0.385251 -0.510476 1.57696e-12 -5.04 8.4 -0.510476 -6.1863e-07
8.4956 -0.373048 -0.510476 1.64113e-12 -5.04 8.4 -0.510476 -6.20738e-07
8.48966 -0.360862 -0.510476 1.51146e-12 -5.04 8.4 -0.510476 -6.22854e-07
8.48389 -0.348692 -0.510476 1.58096e-12 -5.04 8.4 -0.510476 -6.24978e-07
8.47831 -0.33654 -0.510476 1.65579e-12 -5.04 8.4 -0.510476 -6.2711e-07
8.47291 -0.324403 -0.510476 1.50946e-12 -5.04 8.4 -0.510476 -6.2925e-07
8.4677 -0.312282 -0.510476 1.47349e-12 -5.04 8.4 -0.510476 -6.31397e-07
8.46267 -0.300176 -0.510476 1.49103e-12 -5.04 8.4 -0.510476 -6.33551e-07
8.45783 -0.288085 -0.510476 1.47216e-12 -5.04 8.4 -0.510476 -6.35712e-07
8.45317 -0.276009 -0.510476 1.62603e-12 -5.04 8.4 -0.510476 -6.3788e-07
8.44871 -0.263946 -0.510476 1.64935e-12 -5.04 8.4 -0.510476 -6.40054e-07
8.44443 -0.251896 -0.510476 1.71152e-12 -5.04 8.4 -0.510476 -6.42234e-07
8.44035 -0.239859 -0.510476 1.62181e-12 -5.04 8.4 -0.510476 -6.4442e-07
8.43646 -0.227834 -0.510476 1.59495e-12 -5.04 8.4 -0.510476 -6.46612e-07
8.43276 -0.215821 -0.510476 1.57074e-12 -5.04 8.4 -0.510476 -6.48809e-07
8.42926 -0.203819 -0.510476 1.59517e-12 -5.04 8.4 -0.510476 -6.51012e-07
8.42595 -0.191828 -0.510476 1.6499e-12 -5.04 8.4 -0.510476 -6.53219e-07
8.42284 -0.179846 -0.510476 1.67844e-12 -5.04 8.4 -0.510476 -6.55431e-07
8.41992 -0.167874 -0.510476 1.67033e-12 -5.04 8.4 -0.510476 -6.57647e-07
8.4172 -0.155911 -0.510476 1.69142e-12 -5.04 8.4 -0.510476 -6.59867e-07
8.41468 -0.143956 -0.510476 1.76226e-12 -5.04 8.4 -0.510476 -6.62091e-07
8.41235 -0.132008 -0.510476 1.80089e-12 -5.04 8.4 -0.510476 -6.64319e-07
8.41023 -0.120068 -0.510476 1.77347e-12 -5.04 8.4 -0.510476 -6.6655e-07
8.4083 -0.108134 -0.510476 1.79534e-12 -5.04 8.4 -0.510476 -6.68784e-07
8.40658 -0.0962053 -0.510476 1.83936e-12 -5.04 8.4 -0.510476 -6.71021e-07
8.40505 -0.0842822 -0.510476 1.85446e-12 -5.04 8.4 -0.510476 -6.7326e-07
8.40373 -0.0723636 -0.510476 1.85901e-12 -5.04 8.4 -0.510476 -6.75501e-07
8.4026 -0.0604488 -0.510476 1.8614e-12 -5.04 8.4 -0.510476 -6.77744e-07
8.40168 -0.0485373 -0.510476 1.84855e-12 -5.04 8.4 -0.510476 -6.79988e-07
8.40096 -0.0366284 -0.510476 1.83201e-12 -5.04 8.4 -0.510476 -6.82234e-07
8.40044 -0.0247215 -0.510476 1.83985e-12 -5.04 8.4 -0.510476 -6.8448e-07
8.40012 -0.0128159 -0.510476 1.84355e-12 -5.04 8.4 -0.510476 -6.86727e-07
8.40001 -0.000911047 -0.510476 1.84064e-12 -5.04 8.4 -0.510476 -6.88975e-07
8.40009 0.0109938 -0.510476 1.84125e-12 -5.04 8.4 -0.510476 -6.91222e-07
8.40038 0.0228992 -0.510476 1.8411e-12 -5.04 8.4 -0.510476 -6.93469e-07
8.40087 0.0348059 -0.510476 1.82743e-12 -5.04 8.4 -0.510476 -6.95716e-07
8.40156 0.0467144 -0.510476 1.84022e-12 -5.04 8.4 -0.510476 -6.97962e-07
8.40245 0.0586255 -0.510476 1.83126e-12 -5.04 8.4 -0.510476 -7.00206e-07
8.40354 0.0705397 -0.510476 1.83165e-12 -5.04 8.4 -0.510476 -7.02449e-07
8.40484 0.0824577 -0.510476 1.83914e-12 -5.04 8.4 -0.510476 -7.04691e-07
8.40633 0.0943801 -0.510476 1.85441e-12 -5.04 8.4 -0.510476 -7.0693e-07
8.40803 0.106308 -0.510476 1.85396e-12 -5.04 8.4 -0.510476 -7.09167e-07
8.40992 0.118241 -0.510476 1.82865e-12 -5.04 8.4 -0.510476 -7.11402e-07
8.41202 0.13018 -0.510476 1.82909e-12 -5.04 8.4 -0.510476 -7.13633e-07
8.41431 0.142127 -0.510476 1.8433e-12 -5.04 8.4 -0.510476 -7.15861e-07
8.4168 0.15408 -0.510476 1.78435e-12 -5.04 8.4 -0.510476 -7.18086e-07
8.41949 0.166042 -0.510476 1.803e-12 -5.04 8.4 -0.510476 -7.20307e-07
8.42238 0.178013 -0.510476 1.79112e-12 -5.04 8.4 -0.510476 -7.22524e-07
8.42546 0.189993 -0.510476 1.76115e-12 -5.04 8.4 -0.510476 -7.24737e-07
8.42874 0.201983 -0.510476 1.76792e-12 -5.04 8.4 -0.510476 -7.26945e-07
8.43221 0.213983 -0.510476 1.72062e-12 -5.04 8.4 -0.510476 -7.29148e-07
8.43588 0.225995 -0.510476 1.67533e-12 -5.04 8.4 -0.510476 -7.31346e-07
8.43974 0.238018 -0.510476 1.65867e-12 -5.04 8.4 -0.510476 -7.33539e-07
8.4438 0.250053 -0.510476 1.67866e-12 -5.04 8.4 -0.510476 -7.35726e-07
8.44804 0.2621 -0.510476 1.66533e-12 -5.04 8.4 -0.510476 -7.37907e-07
8.45248 0.274161 -0.510476 1.61693e-12 -5.04 8.4 -0.510476 -7.40082e-07
8.4571 0.286236 -0.510476 1.56652e-12 -5.04 8.4 -0.510476 -7.42251e-07
8.46192 0.298325 -0.510476 1.3749e-12 -5.04 8.4 -0.510476 -7.44413e-07
8.46692 0.310428 -0.510476 1.38622e-12 -5.04 8.4 -0.510476 -7.46568e-07
8.4721 0.322547 -0.510476 1.37201e-12 -5.04 8.4 -0.510476 -7.48716e-07
8.47747 0.334681 -0.510476 1.36335e-12 -5.04 8.4 -0.510476 -7.50857e-07
8.48303 0.346831 -0.510476 1.32583e-12 -5.04 8.4 -0.510476 -7.5299e-07
8.48877 0.358998 -0.510476 1.2581e-12 -5.04 8.4 -0.510476 -7.55116e-07
8.49468 0.371182 -0.510476 1.21569e-12 -5.04 8.4 -0.510476 -7.57233e-07
8.50078 0.383382 -0.510476 1.34404e-12 -5.04 8.4 -0.510476 -7.59343e-07
8.50706 0.395601 -0.510476 1.38312e-12 -5.04 8.4 -0.510476 -7.61444e-07
8.51351 0.407838 -0.510476 1.37224e-12 -5.04 8.4 -0.510476 -7.63536e-07
8.52014 0.420093 -0.510476 1.45284e-12 -5.04 8.4 -0.510476 -7.6562e-07
8.52694 0.432366 -0.510476 1.56031e-12 -5.04 8.4 -0.510476 -7.67694e-07
8.53392 0.444659 -0.510476 1.6267e-12 -5.04 8.4 -0.510476 -7.6976e-07
8.54106 0.456971 -0.510476 1.65068e-12 -5.04 8.4 -0.510476 -7.71816e-07
8.54838 0.469303 -0.510476 1.66733e-12 -5.04 8.4 -0.510476 -7.73863e-07
8.55586 0.481654 -0.510476 1.58784e-12 -5.04 8.4 -0.510476 -7.759e-07
8.56351 0.494026 -0.510476 1.41576e-12 -5.04 8.4 -0.510476 -7.77927e-07
8.57132 0.506418 -0.510476 1.35447e-12 -5.04 8.4 -0.510476 -7.79944e-07
8.5793 0.51883 -0.510476 1.48903e-12 -5.04 8.4 -0.510476 -7.81952e-07
8.58744 0.531263 -0.510476 1.49702e-12 -5.04 8.4 -0.510476 -7.83949e-07
8.59573 0.543717 -0.510476 1.35225e-12 -5.04 8.4 -0.510476 -7.85935e-07
8.60419 0.556191 -0.510476 1.42197e-12 -5.04 8.4 -0.510476 -7.87911e-07
8.6128 0.568687 -0.510476 1.47304e-12 -5.04 8.4 -0.510476 -7.89877e-07
8.62156 0.581203 -0.510476 1.4575e-12 -5.04 8.4 -0.510476 -7.91831e-07
8.63048 0.593741 -0.510476 1.27764e-12 -5.04 8.4 -0.510476 -7.93775e-07
8.63954 0.606299 -0.510476 1.28786e-12 -5.04 8.4 -0.510476 -7.95708e-07
8.64876 0.618879 -0.510476 1.01963e-12 -5.04 8.4 -0.510476 -7.9763e-07
8.65812 0.63148 -0.510476 1.02762e-12 -5.04 8.4 -0.510476 -7.9954e-07
8.66762 0.644102 -0.510476 1.01918e-12 -5.04 8.4 -0.510476 -8.0144e-07
8.67727 0.656745 -0.510476 1.24567e-12 -5.04 8.4 -0.510476 -8.03328e-07
8.68706 0.669408 -0.510476 1.3558e-12 -5.04 8.4 -0.510476 -8.05204e-07
8.69699 0.682093 -0.510476 1.38911e-12 -5.04 8.4 -0.510476 -8.07069e-07
8.70705 0.694797 -0.510476 1.50946e-12 -5.04 8.4 -0.510476 -8.08923e-07
8.71725 0.707522 -0.510476 1.54987e-12 -5.04 8.4 -0.510476 -8.10765e-07
8.72758 0.720267 -0.510476 1.50413e-12 -5.04 8.4 -0.510476 -8.12595e-07
8.73804 0.733032 -0.510476 1.60094e-12 -5.04 8.4 -0.510476 -8.14414e-07
8.74863 0.745817 -0.510476 1.52411e-12 -5.04 8.4 -0.510476 -8.1622e-07
8.75935 0.758621 -0.510476 1.64446e-12 -5.04 8.4 -0.510476 -8.18015e-07
8.77019 0.771443 -0.510476 1.41531e-12 -5.04 8.4 -0.510476 -8.19798e-07
8.78116 0.784284 -0.510476 1.46994e-12 -5.04 8.4 -0.510476 -8.21569e-07
8.79224 0.797143 -0.510476 1.45928e-12 -5.04 8.4 -0.510476 -8.23328e-07
8.80344 0.81002 -0.510476 1.41531e-12 -5.04 8.4 -0.510476 -8.25075e-07
8.81476 0.822914 -0.510476 1.56541e-12 -5.04 8.4 -0.510476 -8.26811e-07
8.8262 0.835825 -0.510476 1.67377e-12 -5.04 8.4 -0.510476 -8.28534e-07
8.83774 0.848753 -0.510476 1.76925e-12 -5.04 8.4 -0.510476 -8.30245e-07
8.8494 0.861695 -0.510476 1.79901e-12 -5.04 8.4 -0.510476 -8.31944e-07
8.86116 0.874654 -0.510476 1.81188e-12 -5.04 8.4 -0.510476 -8.33631e-07
8.87303 0.887626 -0.510476 1.90381e-12 -5.04 8.4 -0.510476 -8.35306e-07
8.885 0.900613 -0.510476 1.95843e-12 -5.04 8.4 -0.510476 -8.36969e-07
8.89707 0.913613 -0.510476 1.94467e-12 -5.04 8.4 -0.510476 -8.3862e-07
8.90924 0.926625 -0.510476 2.08811e-12 -5.04 8.4 -0.510476 -8.40259e-07
8.92151 0.939649 -0.510476 2.07301e-12 -5.04 8.4 -0.510476 -8.41887e-07
8.93388 0.952685 -0.510476 2.11831e-12 -5.04 8.4 -0.510476 -8.43502e-07
8.94634 0.965731 -0.510476 2.02327e-12 -5.04 8.4 -0.510476 -8.45105e-07
8.95888 0.978787 -0.510476 2.08189e-12 -5.04 8.4 -0.510476 -8.46697e-07
8.97152 0.991851 -0.510476 2.11431e-12 -5.04 8.4 -0.510476 -8.48276e-07
8.98424 1.00492 -0.510476 2.224e-12 -5.04 8.4 -0.510476 -8.49844e-07
8.99705 1.018 -0.510476 2.1485e-12 -5.04 8.4 -0.510476 -8.514e-07
9.00994 1.03109 -0.510476 2.11253e-12 -5.04 8.4 -0.510476 -8.52944e-07
9.02291 1.04418 -0.510476 2.01483e-12 -5.04 8.4 -0.510476 -8.54476e-07
9.03596 1.05728 -0.510476 1.98508e-12 -5.04 8.4 -0.510476 -8.55997e-07
9.04908 1.07038 -0.510476 1.72351e-12 -5.04 8.4 -0.510476 -8.57506e-07
9.06228 1.08348 -0.510476 1.68487e-12 -5.04 8.4 -0.510476 -8.59003e-07
9.07555 1.09658 -0.510476 1.61871e-12 -5.04 8.4 -0.510476 -8.60489e-07
9.08889 1.10969 -0.510476 1.68798e-12 -5.04 8.4 -0.510476 -8.61964e-07
9.1023 1.12279 -0.510476 1.6287e-12 -5.04 8.4 -0.510476 -8.63427e-07
9.11577 1.13589 -0.510476 1.62381e-12 -5.04 8.4 -0.510476 -8.64878e-07
9.12931 1.14899 -0.510476 1.7395e-12 -5.04 8.4 -0.510476 -8.66319e-07
9.1429 1.16209 -0.510476 1.63913e-12 -5.04 8.4 -0.510476 -8.67748e-07
9.15656 1.17518 -0.510476 1.79279e-12 -5.04 8.4 -0.510476 -8.69166e-07
9.17027 1.18827 -0.510476 1.74305e-12 -5.04 8.4 -0.510476 -8.70573e-07
9.18404 1.20135 -0.510476 1.75815e-12 -5.04 8.4 -0.510476 -8.71969e-07
9.19787 1.21442 -0.510476 1.77147e-12 -5.04 8.4 -0.510476 -8.73354e-07
9.21174 1.22749 -0.510476 1.70663e-12 -5.04 8.4 -0.510476 -8.74728e-07
9.22566 1.24054 -0.510476 1.71974e-12 -5.04 8.4 -0.510476 -8.76091e-07
9.23963 1.25358 -0.510476 1.65978e-12 -5.04 8.4 -0.510476 -8.77444e-07
9.25365 1.26661 -0.510476 1.6438e-12 -5.04 8.4 -0.510476 -8.78786e-07
9.2677 1.27963 -0.510476 1.67466e-12 -5.04 8.4 -0.510476 -8.80117e-07
9.2818 1.29264 -0.510476 1.65645e-12 -5.04 8.4 -0.510476 -8.81438e-07
9.29594 1.30562 -0.510476 1.66134e-12 -5.04 8.4 -0.510476 -8.82748e-07
9.31012 1.31859 -0.510476 1.6489e-12 -5.04 8.4 -0.510476 -8.84048e-07
9.32433 1.33155 -0.510476 1.64091e-12 -5.04 8.4 -0.510476 -8.85338e-07
9.33857 1.34448 -0.510476 1.59717e-12 -5.04 8.4 -0.510476 -8.86617e-07
9.35285 1.3574 -0.510476 1.55453e-12 -5.04 8.4 -0.510476 -8.87887e-07
9.36716 1.37029 -0.510476 1.53388e-12 -5.04 8.4 -0.510476 -8.89146e-07
9.38149 1.38316 -0.510476 1.57785e-12 -5.04 8.4 -0.510476 -8.90396e-07
9.39585 1.39601 -0.510476 1.55165e-12 -5.04 8.4 -0.510476 -8.91635e-07
9.41024 1.40884 -0.510476 1.51745e-12 -5.04 8.4 -0.510476 -8.92865e-07
9.42464 1.42164 -0.510476 1.52034e-12 -5.04 8.4 -0.510476 -8.94085e-07
9.43907 1.43441 -0.510476 1.48415e-12 -5.04 8.4 -0.510476 -8.95296e-07
9.45352 1.44715 -0.510476 1.44929e-12 -5.04 8.4 -0.510476 -8.96497e-07
9.46798 1.45987 -0.510476 1.43707e-12 -5.04 8.4 -0.510476 -8.97689e-07
9.48246 1.47256 -0.510476 1.49647e-12 -5.04 8.4 -0.510476 -8.98871e-07
9.49695 1.48522 -0.510476 1.45284e-12 -5.04 8.4 -0.510476 -9.00045e-07
9.51145 1.49784 -0.510476 1.45206e-12 -5.04 8.4 -0.510476 -9.01208e-07
9.52597 1.51044 -0.510476 1.47216e-12 -5.04 8.4 -0.510476 -9.02364e-07
9.54049 1.523 -0.510476 1.49269e-12 -5.04 8.4 -0.510476 -9.03509e-07
9.55501 1.53552 -0.510476 1.48448e-12 -5.04 8.4 -0.510476 -9.04647e-07
9.56955 1.54801 -0.510476 1.50535e-12 -5.04 8.4 -0.510476 -9.05775e-07
9.58408 1.56047 -0.510476 1.47593e-12 -5.04 8.4 -0.510476 -9.06894e-07
9.59862 1.57289 -0.510476 1.47171e-12 -5.04 8.4 -0.510476 -9.08006e-07
9.61315 1.58527 -0.510476 1.48326e-12 -5.04 8.4 -0.510476 -9.09108e-07
9.62769 1.59761 -0.510476 1.43974e-12 -5.04 8.4 -0.510476 -9.10202e-07
9.64222 1.60991 -0.510476 1.3981e-12 -5.04 8.4 -0.510476 -9.11288e-07
9.65674 1.62217 -0.510476 1.39511e-12 -5.04 8.4 -0.510476 -9.12365e-07
9.67126 1.63439 -0.510476 1.38645e-12 -5.04 8.4 -0.510476 -9.13435e-07
9.68577 1.64657 -0.510476 1.38783e-12 -5.04 8.4 -0.510476 -9.14496e-07
9.70027 1.65871 -0.510476 1.37268e-12 -5.04 8.4 -0.510476 -9.15549e-07
9.71476 1.67081 -0.510476 1.36074e-12 -5.04 8.4 -0.510476 -9.16594e-07
9.72924 1.68286 -0.510476 1.37382e-12 -5.04 8.4 -0.510476 -9.17632e-07
9.7437 1.69486 -0.510476 1.37679e-12 -5.04 8.4 -0.510476 -9.18662e-07
9.75815 1.70683 -0.510476 1.38023e-12 -5.04 8.4 -0.510476 -9.19684e-07
9.77258 1.71874 -0.510476 1.37854e-12 -5.04 8.4 -0.510476 -9.20699e-07
9.78698 1.73061 -0.510476 1.37571e-12 -5.04 8.4 -0.510476 -9.21705e-07
9.80137 1.74243 -0.510476 1.37622e-12 -5.04 8.4 -0.510476 -9.22705e-07
9.81574 1.75421 -0.510476 1.37472e-12 -5.04 8.4 -0.510476 -9.23698e-07
9.83009 1.76594 -0.510476 1.3782e-12 -5.04 8.4 -0.510476 -9.24683e-07
9.84441 1.77762 -0.510476 1.38783e-12 -5.04 8.4 -0.510476 -9.25661e-07
9.8587 1.78925 -0.510476 1.39841e-12 -5.04 8.4 -0.510476 -9.26632e-07
9.87296 1.80084 -0.510476 1.39069e-12 -5.04 8.4 -0.510476 -9.27596e-07
9.8872 1.81237 -0.510476 1.41159e-12 -5.04 8.4 -0.510476 -9.28553e-07
9.90141 1.82385 -0.510476 1.41309e-12 -5.04 8.4 -0.510476 -9.29504e-07
9.91559 1.83529 -0.510476 1.37151e-12 -5.04 8.4 -0.510476 -9.30448e-07
9.92973 1.84667 -0.510476 1.3789e-12 -5.04 8.4 -0.510476 -9.31385e-07
9.94384 1.85801 -0.510476 1.41792e-12 -5.04 8.4 -0.510476 -9.32315e-07
9.95791 1.86929 -0.510476 1.4182e-12 -5.04 8.4 -0.510476 -9.33239e-07
9.97195 1.88052 -0.510476 1.43552e-12 -5.04 8.4 -0.510476 -9.34157e-07
9.98595 1.8917 -0.510476 1.47116e-12 -5.04 8.4 -0.510476 -9.35068e-07
9.99991 1.90283 -0.510476 1.47016e-12 -5.04 8.4 -0.510476 -9.35973e-07
10.0138 1.91391 -0.510476 1.46883e-12 -5.04 8.4 -0.510476 -9.36872e-07
10.0277 1.92493 -0.510476 1.53488e-12 -5.04 8.4 -0.510476 -9.37764e-07
10.0415 1.9359 -0.510476 1.51446e-12 -5.04 8.4 -0.510476 -9.38651e-07
10.0553 1.94683 -0.510476 1.50691e-12 -5.04 8.4 -0.510476 -9.39532e-07
10.0691 1.95769 -0.510476 1.60916e-12 -5.04 8.4 -0.510476 -9.40407e-07
10.0828 1.96851 -0.510476 1.59495e-12 -5.04 8.4 -0.510476 -9.41276e-07
10.0964 1.97928 -0.510476 1.61038e-12 -5.04 8.4 -0.510476 -9.42139e-07
10.11 1.98999 -0.510476 1.57696e-12 -5.04 8.4 -0.510476 -9.42997e-07
10.1236 2.00065 -0.510476 1.54232e-12 -5.04 8.4 -0.510476 -9.43849e-07
10.1371 2.01126 -0.510476 1.54454e-12 -5.04 8.4 -0.510476 -9.44696e-07
10.1505 2.02181 -0.510476 1.58096e-12 -5.04 8.4 -0.510476 -9.45537e-07
10.1639 2.03232 -0.510476 1.56652e-12 -5.04 8.4 -0.510476 -9.46373e-07
10.1773 2.04277 -0.510476 1.57274e-12 -5.04 8.4 -0.510476 -9.47203e-07
10.1906 2.05317 -0.510476 1.61449e-12 -5.04 8.4 -0.510476 -9.48029e-07
10.2038 2.06352 -0.510476 1.68243e-12 -5.04 8.4 -0.510476 -9.48849e-07
10.217 2.07381 -0.510476 1.71863e-12 -5.04 8.4 -0.510476 -9.49664e-07
10.2301 2.08406 -0.510476 1.66622e-12 -5.04 8.4 -0.510476 -9.50474e-07
10.2432 2.09425 -0.510476 1.65223e-12 -5.04 8.4 -0.510476 -9.51279e-07
10.2562 2.1044 -0.510476 1.63092e-12 -5.04 8.4 -0.510476 -9.52079e-07
10.2691 2.11449 -0.510476 1.52633e-12 -5.04 8.4 -0.510476 -9.52874e-07
10.282 2.12453 -0.510476 1.48437e-12 -5.04 8.4 -0.510476 -9.53665e-07
10.2948 2.13452 -0.510476 1.50746e-12 -5.04 8.4 -0.510476 -9.54451e-07
10.3075 2.14446 -0.510476 1.49503e-12 -5.04 8.4 -0.510476 -9.55232e-07
10.3202 2.15435 -0.510476 1.48082e-12 -5.04 8.4 -0.510476 -9.56008e-07
10.3328 2.16418 -0.510476 1.41442e-12 -5.04 8.4 -0.510476 -9.5678e-07
10.3454 2.17397 -0.510476 1.40377e-12 -5.04 8.4 -0.510476 -9.57548e-07
10.3579 2.18371 -0.510476 1.41132e-12 -5.04 8.4 -0.510476 -9.58311e-07
10.3703 2.19341 -0.510476 1.46638e-12 -5.04 8.4 -0.510476 -9.5907e-07
10.3826 2.20305 -0.510476 1.5008e-12 -5.04 8.4 -0.510476 -9.59825e-07
10.3949 2.21264 -0.510476 1.51967e-12 -5.04 8.4 -0.510476 -9.60575e-07
10.4071 2.22219 -0.510476 1.40843e-12 -5.04 8.4 -0.510476 -9.61322e-07
10.4192 2.23168 -0.510476 1.48037e-12 -5.04 8.4 -0.510476 -9.62064e-07
10.4313 2.24113 -0.510476 1.46838e-12 -5.04 8.4 -0.510476 -9.62802e-07
10.4433 2.25054 -0.510476 1.40754e-12 -5.04 8.4 -0.510476 -9.63536e-07
10.4552 2.25989 -0.510476 1.33871e-12 -5.04 8.4 -0.510476 -9.64266e-07
10.467 2.2692 -0.510476 1.33027e-12 -5.04 8.4 -0.510476 -9.64992e-07
10.4788 2.27846 -0.510476 1.35514e-12 -5.04 8.4 -0.510476 -9.65715e-07
10.4905 2.28768 -0.510476 1.35447e-12 -5.04 8.4 -0.510476 -9.66433e-07
10.5021 2.29685 -0.510476 1.32228e-12 -5.04 8.4 -0.510476 -9.67148e-07
10.5136 2.30598 -0.510476 1.22147e-12 -5.04 8.4 -0.510476 -9.6786e-07
10.525 2.31506 -0.510476 1.24545e-12 -5.04 8.4 -0.510476 -9.68567e-07
10.5364 2.3241 -0.510476 1.27098e-12 -5.04 8.4 -0.510476 -9.69271e-07
10.5477 2.33309 -0.510476 1.28164e-12 -5.04 8.4 -0.510476 -9.69972e-07
10.5589 2.34204 -0.510476 1.30052e-12 -5.04 8.4 -0.510476 -9.70669e-07
10.57 2.35095 -0.510476 1.35447e-12 -5.04 8.4 -0.510476 -9.71363e-07
10.5811 2.35982 -0.510476 1.30806e-12 -5.04 8.4 -0.510476 -9.72053e-07
10.592 2.36864 -0.510476 1.28897e-12 -5.04 8.4 -0.510476 -9.7274e-07
10.6029 2.37742 -0.510476 1.31672e-12 -5.04 8.4 -0.510476 -9.73424e-07
10.6137 2.38616 -0.510476 1.38867e-12 -5.04 8.4 -0.510476 -9.74104e-07
10.6244 2.39486 -0.510476 1.41842e-12 -5.04 8.4 -0.510476 -9.74782e-07
10.635 2.40351 -0.510476 1.39844e-12 -5.04 8.4 -0.510476 -9.75456e-07
10.6456 2.41213 -0.510476 1.40576e-12 -5.04 8.4 -0.510476 -9.76127e-07
10.656 2.42071 -0.510476 1.50924e-12 -5.04 8.4 -0.510476 -9.76795e-07
10.6664 2.42925 -0.510476 1.36002e-12 -5.04 8.4 -0.510476 -9.7746e-07
10.6766 2.43775 -0.510476 1.1684e-12 -5.04 8.4 -0.510476 -9.78122e-07
10.6868 2.44621 -0.510476 1.1946e-12 -5.04 8.4 -0.510476 -9.78781e-07
10.6969 2.45463 -0.510476 1.26854e-12 -5.04 8.4 -0.510476 -9.79438e-07
10.7069 2.46302 -0.510476 1.26787e-12 -5.04 8.4 -0.510476 -9.80091e-07
10.7168 2.47136 -0.510476 1.33538e-12 -5.04 8.4 -0.510476 -9.80742e-07
10.7266 2.47968 -0.510476 1.17595e-12 -5.04 8.4 -0.510476 -9.8139e-07
10.7364 2.48795 -0.510476 1.28031e-12 -5.04 8.4 -0.510476 -9.82036e-07
10.746 2.49619 -0.510476 1.27454e-12 -5.04 8.4 -0.510476 -9.82678e-07
10.7556 2.50439 -0.510476 1.30207e-12 -5.04 8.4 -0.510476 -9.83319e-07
10.765 2.51256 -0.510476 1.42086e-12 -5.04 8.4 -0.510476 -9.83956e-07
10.7744 2.5207 -0.510476 1.48037e-12 -5.04 8.4 -0.510476 -9.84591e-07
10.7836 2.5288 -0.510476 1.46239e-12 -5.04 8.4 -0.510476 -9.85224e-07
10.7928 2.53687 -0.510476 1.45839e-12 -5.04 8.4 -0.510476 -9.85854e-07
10.8019 2.5449 -0.510476 1.28342e-12 -5.04 8.4 -0.510476 -9.86481e-07
10.8109 2.5529 -0.510476 1.35825e-12 -5.04 8.4 -0.510476 -9.87107e-07
10.8197 2.56087 -0.510476 1.35247e-12 -5.04 8.4 -0.510476 -9.8773e-07
10.8285 2.56881 -0.510476 1.35847e-12 -5.04 8.4 -0.510476 -9.8835e-07
10.8372 2.57671 -0.510476 1.42553e-12 -5.04 8.4 -0.510476 -9.88969e-07
10.8458 2.58459 -0.510476 1.36313e-12 -5.04 8.4 -0.510476 -9.89585e-07
10.8543 2.59243 -0.510476 1.45328e-12 -5.04 8.4 -0.510476 -9.90199e-07
10.8627 2.60025 -0.510476 1.48059e-12 -5.04 8.4 -0.510476 -9.90811e-07
10.871 2.60803 -0.510476 1.42975e-12 -5.04 8.4 -0.510476 -9.9142e-07
10.8792 2.61579 -0.510476 1.31339e-12 -5.04 8.4 -0.510476 -9.92028e-07
10.8873 2.62351 -0.510476 1.29363e-12 -5.04 8.4 -0.510476 -9.92634e-07
10.8953 2.63121 -0.510476 1.30185e-12 -5.04 8.4 -0.510476 -9.93237e-07
10.9032 2.63888 -0.510476 1.30052e-12 -5.04 8.4 -0.510476 -9.93839e-07
10.911 2.64652 -0.510476 1.26765e-12 -5.04 8.4 -0.510476 -9.94439e-07
10.9187 2.65414 -0.510476 1.31295e-12 -5.04 8.4 -0.510476 -9.95037e-07
10.9263 2.66173 -0.510476 1.29585e-12 -5.04 8.4 -0.510476 -9.95633e-07
10.9337 2.66929 -0.510476 1.37268e-12 -5.04 8.4 -0.510476 -9.96227e-07
10.9411 2.67683 -0.510476 1.43285e-12 -5.04 8.4 -0.510476 -9.96819e-07
10.9484 2.68434 -0.510476 1.48859e-12 -5.04 8.4 -0.510476 -9.9741e-07
10.9556 2.69183 -0.510476 1.29252e-12 -5.04 8.4 -0.510476 -9.97999e-07
10.9627 2.69929 -0.510476 1.28364e-12 -5.04 8.4 -0.510476 -9.98586e-07
10.9697 2.70673 -0.510476 1.20015e-12 -5.04 8.4 -0.510476 -9.99171e-07
10.9765 2.71414 -0.510476 1.0425e-12 -5.04 8.4 -0.510476 -9.99755e-07
10.9833 2.72154 -0.510476 1.03051e-12 -5.04 8.4 -0.510476 -1.00034e-06
10.99 2.7289 -0.510476 1.07936e-12 -5.04 8.4 -0.510476 -1.00092e-06
10.9965 2.73625 -0.510476 1.03717e-12 -5.04 8.4 -0.510476 -1.0015e-06
11.003 2.74358 -0.510476 1.03428e-12 -5.04 8.4 -0.510476 -1.00207e-06
11.0093 2.75088 -0.510476 9.22595e-13 -5.04 8.4 -0.510476 -1.00265e-06
11.0156 2.75816 -0.510476 9.29923e-13 -5.04 8.4 -0.510476 -1.00323e-06
11.0217 2.76542 -0.510476 8.64198e-13 -5.04 8.4 -0.510476 -1.0038e-06
11.0277 2.77266 -0.510476 8.13571e-13 -5.04 8.4 -0.510476 -1.00437e-06
11.0336 2.77988 -0.510476 7.8848e-13 -5.04 8.4 -0.510476 -1.00494e-06
11.0395 2.78708 -0.510476 9.20597e-13 -5.04 8.4 -0.510476 -1.00551e-06
11.0452 2.79427 -0.510476 9.90319e-13 -5.04 8.4 -0.510476 -1.00608e-06
11.0508 2.80143 -0.510476 1.00053e-12 -5.04 8.4 -0.510476 -1.00664e-06
11.0563 2.80857 -0.510476 9.25704e-13 -5.04 8.4 -0.510476 -1.00721e-06
11.0616 2.8157 -0.510476 9.65228e-13 -5.04 8.4 -0.510476 -1.00777e-06
11.0669 2.82281 -0.510476 9.09717e-13 -5.04 8.4 -0.510476 -1.00834e-06
11.0721 2.8299 -0.510476 8.39995e-13 -5.04 8.4 -0.510476 -1.0089e-06
11.0771 2.83698 -0.510476 9.28146e-13 -5.04 8.4 -0.510476 -1.00946e-06
11.0821 2.84404 -0.510476 8.97504e-13 -5.04 8.4 -0.510476 -1.01002e-06
11.0869 2.85108 -0.510476 9.24594e-13 -5.04 8.4 -0.510476 -1.01058e-06
11.0917 2.85811 -0.510476 8.9373e-13 -5.04 8.4 -0.510476 -1.01113e-06
11.0963 2.86512 -0.510476 8.81739e-13 -5.04 8.4 -0.510476 -1.01169e-06
11.1008 2.87212 -0.510476 8.83515e-13 -5.04 8.4 -0.510476 -1.01224e-06
11.1052 2.8791 -0.510476 9.02389e-13 -5.04 8.4 -0.510476 -1.0128e-06
11.1095 2.88607 -0.510476 8.85292e-13 -5.04 8.4 -0.510476 -1.01335e-06
11.1137 2.89303 -0.510476 9.7522e-13 -5.04 8.4 -0.510476 -1.0139e-06
11.1177 2.89997 -0.510476 1.01141e-12 -5.04 8.4 -0.510476 -1.01446e-06
11.1217 2.9069 -0.510476 1.08691e-12 -5.04 8.4 -0.510476 -1.01501e-06
11.1256 2.91382 -0.510476 1.0838e-12 -5.04 8.4 -0.510476 -1.01556e-06
11.1293 2.92072 -0.510476 1.00853e-12 -5.04 8.4 -0.510476 -1.01611e-06
11.1329 2.92762 -0.510476 9.38361e-13 -5.04 8.4 -0.510476 -1.01665e-06
11.1364 2.9345 -0.510476 9.74998e-13 -5.04 8.4 -0.510476 -1.0172e-06
11.1398 2.94137 -0.510476 8.90954e-13 -5.04 8.4 -0.510476 -1.01775e-06
11.1431 2.94823 -0.510476 9.38361e-13 -5.04 8.4 -0.510476 -1.01829e-06
11.1463 2.95508 -0.510476 9.52238e-13 -5.04 8.4 -0.510476 -1.01884e-06
11.1494 2.96192 -0.510476 9.11604e-13 -5.04 8.4 -0.510476 -1.01938e-06
11.1523 2.96875 -0.510476 9.02278e-13 -5.04 8.4 -0.510476 -1.01993e-06
11.1552 2.97557 -0.510476 9.03166e-13 -5.04 8.4 -0.510476 -1.02047e-06
11.1579 2.98238 -0.510476 8.99614e-13 -5.04 8.4 -0.510476 -1.02101e-06
11.1605 2.98919 -0.510476 8.99836e-13 -5.04 8.4 -0.510476 -1.02156e-06
11.163 2.99598 -0.510476 8.83071e-13 -5.04 8.4 -0.510476 -1.0221e-06
11.1654 3.00277 -0.510476 8.94951e-13 -5.04 8.4 -0.510476 -1.02264e-06
11.1677 3.00955 -0.510476 9.53682e-13 -5.04 8.4 -0.510476 -1.02318e-06
11.1699 3.01632 -0.510476 9.83214e-13 -5.04 8.4 -0.510476 -1.02372e-06
11.1719 3.02309 -0.510476 9.59899e-13 -5.04 8.4 -0.510476 -1.02426e-06
11.1739 3.02985 -0.510476 9.4913e-13 -5.04 8.4 -0.510476 -1.0248e-06
11.1757 3.03661 -0.510476 9.30589e-13 -5.04 8.4 -0.510476 -1.02534e-06
11.1774 3.04336 -0.510476 9.56568e-13 -5.04 8.4 -0.510476 -1.02588e-06
11.179 3.0501 -0.510476 9.68614e-13 -5.04 8.4 -0.510476 -1.02641e-06
11.1805 3.05684 -0.510476 9.80438e-13 -5.04 8.4 -0.510476 -1.02695e-06
11.1819 3.06358 -0.510476 9.90819e-13 -5.04 8.4 -0.510476 -1.02749e-06
11.1832 3.07031 -0.510476 9.92151e-13 -5.04 8.4 -0.510476 -1.02803e-06
11.1843 3.07703 -0.510476 1.00803e-12 -5.04 8.4 -0.510476 -1.02856e-06
11.1853 3.08376 -0.510476 9.88432e-13 -5.04 8.4 -0.510476 -1.0291e-06
11.1863 3.09048 -0.510476 9.86156e-13 -5.04 8.4 -0.510476 -1.02964e-06
11.1871 3.0972 -0.510476 9.92761e-13 -5.04 8.4 -0.510476 -1.03017e-06
11.1878 3.10391 -0.510476 9.85018e-13 -5.04 8.4 -0.510476 -1.03071e-06
11.1884 3.11063 -0.510476 9.90374e-13 -5.04 8.4 -0.510476 -1.03125e-06
11.1888 3.11734 -0.510476 9.97161e-13 -5.04 8.4 -0.510476 -1.03178e-06
11.1892 3.12405 -0.510476 9.99964e-13 -5.04 8.4 -0.510476 -1.03232e-06
11.1894 3.13076 -0.510476 1.00327e-12 -5.04 8.4 -0.510476 -1.03285e-06
11.1895 3.13747 -0.510476 1.00158e-12 -5.04 8.4 -0.510476 -1.03339e-06
11.1896 -3.13901 -0.510476 1.00137e-12 -5.04 8.4 -0.510476 -1.03393e-06
11.1895 -3.1323 -0.510476 9.98507e-13 -5.04 8.4 -0.510476 -1.03446e-06
11.1892 -3.12559 -0.510476 1.00127e-12 -5.04 8.4 -0.510476 -1.035e-06
11.1889 -3.11888 -0.510476 9.95259e-13 -5.04 8.4 -0.510476 -1.03553e-06
11.1885 -3.11217 -0.510476 1.00159e-12 -5.04 8.4 -0.510476 -1.03607e-06
11.1879 -3.10546 -0.510476 1.00886e-12 -5.04 8.4 -0.510476 -1.03661e-06
11.1872 -3.09874 -0.510476 1.01694e-12 -5.04 8.4 -0.510476 -1.03714e-06
11.1865 -3.09202 -0.510476 9.95704e-13 -5.04 8.4 -0.510476 -1.03768e-06
11.1856 -3.0853 -0.510476 1.01136e-12 -5.04 8.4 -0.510476 -1.03821e-06
11.1846 -3.07858 -0.510476 9.95981e-13 -5.04 8.4 -0.510476 -1.03875e-06
11.1834 -3.07185 -0.510476 9.7572e-13 -5.04 8.4 -0.510476 -1.03929e-06
11.1822 -3.06512 -0.510476 9.7089e-13 -5.04 8.4 -0.510476 -1.03983e-06
11.1808 -3.05839 -0.510476 9.8066e-13 -5.04 8.4 -0.510476 -1.04036e-06
11.1794 -3.05165 -0.510476 1.0002e-12 -5.04 8.4 -0.510476 -1.0409e-06
11.1778 -3.04491 -0.510476 9.98479e-13 -5.04 8.4 -0.510476 -1.04144e-06
11.1761 -3.03816 -0.510476 9.97979e-13 -5.04 8.4 -0.510476 -1.04198e-06
11.1743 -3.03141 -0.510476 1.02618e-12 -5.04 8.4 -0.510476 -1.04252e-06
11.1724 -3.02465 -0.510476 1.03462e-12 -5.04 8.4 -0.510476 -1.04306e-06
11.1704 -3.01788 -0.510476 1.03451e-12 -5.04 8.4 -0.510476 -1.04359e-06
11.1682 -3.01111 -0.510476 1.00997e-12 -5.04 8.4 -0.510476 -1.04413e-06
11.166 -3.00433 -0.510476 1.0133e-12 -5.04 8.4 -0.510476 -1.04468e-06
11.1636 -2.99754 -0.510476 1.01685e-12 -5.04 8.4 -0.510476 -1.04522e-06
11.1611 -2.99075 -0.510476 1.01086e-12 -5.04 8.4 -0.510476 -1.04576e-06
11.1585 -2.98395 -0.510476 1.00797e-12 -5.04 8.4 -0.510476 -1.0463e-06
11.1558 -2.97714 -0.510476 9.93872e-13 -5.04 8.4 -0.510476 -1.04684e-06
11.153 -2.97032 -0.510476 9.91429e-13 -5.04 8.4 -0.510476 -1.04739e-06
11.1501 -2.96349 -0.510476 9.47242e-13 -5.04 8.4 -0.510476 -1.04793e-06
11.147 -2.95665 -0.510476 9.56457e-13 -5.04 8.4 -0.510476 -1.04847e-06
11.1439 -2.94981 -0.510476 8.81184e-13 -5.04 8.4 -0.510476 -1.04902e-06
11.1406 -2.94295 -0.510476 9.80882e-13 -5.04 8.4 -0.510476 -1.04957e-06
11.1372 -2.93608 -0.510476 1.12355e-12 -5.04 8.4 -0.510476 -1.05011e-06
11.1337 -2.9292 -0.510476 1.13221e-12 -5.04 8.4 -0.510476 -1.05066e-06
11.1301 -2.92231 -0.510476 1.16107e-12 -5.04 8.4 -0.510476 -1.05121e-06
11.1264 -2.91541 -0.510476 1.17151e-12 -5.04 8.4 -0.510476 -1.05176e-06
11.1226 -2.90849 -0.510476 1.1966e-12 -5.04 8.4 -0.510476 -1.0523e-06
11.1187 -2.90157 -0.510476 1.22902e-12 -5.04 8.4 -0.510476 -1.05286e-06
11.1146 -2.89463 -0.510476 1.21747e-12 -5.04 8.4 -0.510476 -1.05341e-06
11.1105 -2.88767 -0.510476 1.17906e-12 -5.04 8.4 -0.510476 -1.05396e-06
11.1062 -2.88071 -0.510476 1.13176e-12 -5.04 8.4 -0.510476 -1.05451e-06
11.1018 -2.87373 -0.510476 1.12932e-12 -5.04 8.4 -0.510476 -1.05507e-06
11.0973 -2.86673 -0.510476 1.15286e-12 -5.04 8.4 -0.510476 -1.05562e-06
11.0927 -2.85972 -0.510476 1.35314e-12 -5.04 8.4 -0.510476 -1.05618e-06
11.088 -2.8527 -0.510476 1.3638e-12 -5.04 8.4 -0.510476 -1.05673e-06
11.0832 -2.84566 -0.510476 1.37756e-12 -5.04 8.4 -0.510476 -1.05729e-06
11.0783 -2.8386 -0.510476 1.33427e-12 -5.04 8.4 -0.510476 -1.05785e-06
11.0733 -2.83153 -0.510476 1.32028e-12 -5.04 8.4 -0.510476 -1.05841e-06
11.0681 -2.82444 -0.510476 1.28764e-12 -5.04 8.4 -0.510476 -1.05897e-06
11.0629 -2.81734 -0.510476 1.2863e-12 -5.04 8.4 -0.510476 -1.05954e-06
11.0575 -2.81022 -0.510476 1.28852e-12 -5.04 8.4 -0.510476 -1.0601e-06
11.052 -2.80307 -0.510476 1.27032e-12 -5.04 8.4 -0.510476 -1.06066e-06
11.0465 -2.79592 -0.510476 1.28852e-12 -5.04 8.4 -0.510476 -1.06123e-06
11.0408 -2.78874 -0.510476 1.27098e-12 -5.04 8.4 -0.510476 -1.0618e-06
11.035 -2.78154 -0.510476 1.41576e-12 -5.04 8.4 -0.510476 -1.06237e-06
11.0291 -2.77432 -0.510476 1.43929e-12 -5.04 8.4 -0.510476 -1.06294e-06
11.0231 -2.76709 -0.510476 1.51301e-12 -5.04 8.4 -0.510476 -1.06351e-06
11.017 -2.75983 -0.510476 1.42597e-12 -5.04 8.4 -0.510476 -1.06408e-06
11.0108 -2.75256 -0.510476 1.48592e-12 -5.04 8.4 -0.510476 -1.06466e-06
11.0044 -2.74526 -0.510476 1.45595e-12 -5.04 8.4 -0.510476 -1.06523e-06
10.998 -2.73794 -0.510476 1.40088e-12 -5.04 8.4 -0.510476 -1.06581e-06
10.9915 -2.7306 -0.510476 1.27054e-12 -5.04 8.4 -0.510476 -1.06639e-06
10.9848 -2.72323 -0.510476 1.18838e-12 -5.04 8.4 -0.510476 -1.06697e-06
10.9781 -2.71585 -0.510476 1.22946e-12 -5.04 8.4 -0.510476 -1.06755e-06
10.9713 -2.70844 -0.510476 1.35003e-12 -5.04 8.4 -0.510476 -1.06813e-06
10.9643 -2.701 -0.510476 1.30518e-12 -5.04 8.4 -0.510476 -1.06872e-06
10.9572 -2.69355 -0.510476 1.26743e-12 -5.04 8.4 -0.510476 -1.0693e-06
10.9501 -2.68607 -0.510476 1.28741e-12 -5.04 8.4 -0.510476 -1.06989e-06
10.9428 -2.67856 -0.510476 1.30029e-12 -5.04 8.4 -0.510476 -1.07048e-06
10.9355 -2.67103 -0.510476 1.25877e-12 -5.04 8.4 -0.510476 -1.07107e-06
10.928 -2.66347 -0.510476 1.28608e-12 -5.04 8.4 -0.510476 -1.07167e-06
10.9204 -2.65589 -0.510476 1.20237e-12 -5.04 8.4 -0.510476 -1.07226e-06
10.9128 -2.64828 -0.510476 1.25877e-12 -5.04 8.4 -0.510476 -1.07286e-06
10.905 -2.64064 -0.510476 1.2792e-12 -5.04 8.4 -0.510476 -1.07346e-06
10.8971 -2.63298 -0.510476 1.22813e-12 -5.04 8.4 -0.510476 -1.07406e-06
10.8891 -2.62529 -0.510476 1.21592e-12 -5.04 8.4 -0.510476 -1.07467e-06
10.8811 -2.61757 -0.510476 1.20903e-12 -5.04 8.4 -0.510476 -1.07527e-06
10.8729 -2.60982 -0.510476 1.19771e-12 -5.04 8.4 -0.510476 -1.07588e-06
10.8646 -2.60204 -0.510476 1.11089e-12 -5.04 8.4 -0.510476 -1.07649e-06
10.8562 -2.59423 -0.510476 1.15352e-12 -5.04 8.4 -0.510476 -1.0771e-06
10.8478 -2.58639 -0.510476 1.13087e-12 -5.04 8.4 -0.510476 -1.07771e-06
10.8392 -2.57853 -0.510476 1.20437e-12 -5.04 8.4 -0.510476 -1.07833e-06
10.8305 -2.57063 -0.510476 1.27298e-12 -5.04 8.4 -0.510476 -1.07895e-06
10.8218 -2.5627 -0.510476 1.25633e-12 -5.04 8.4 -0.510476 -1.07957e-06
10.8129 -2.55474 -0.510476 1.26232e-12 -5.04 8.4 -0.510476 -1.08019e-06
10.804 -2.54674 -0.510476 1.42619e-12 -5.04 8.4 -0.510476 -1.08081e-06
10.7949 -2.53872 -0.510476 1.4293e-12 -5.04 8.4 -0.510476 -1.08144e-06
10.7858 -2.53066 -0.510476 1.45972e-12 -5.04 8.4 -0.510476 -1.08207e-06
10.7765 -2.52257 -0.510476 1.49325e-12 -5.04 8.4 -0.510476 -1.0827e-06
