10.7703 -2.51715 -0.510476 1.52678e-12 -5.04 8.4 -0.510476 -1.08331e-06
10.764 -2.51172 -0.510476 1.53721e-12 -5.04 8.4 -0.510476 -1.08391e-06
10.7577 -2.50628 -0.510476 1.60272e-12 -5.04 8.4 -0.510476 -1.08452e-06
10.7514 -2.50082 -0.510476 1.58873e-12 -5.04 8.4 -0.510476 -1.08513e-06
10.745 -2.49534 -0.510476 1.61737e-12 -5.04 8.4 -0.510476 -1.08574e-06
10.7386 -2.48985 -0.510476 1.60161e-12 -5.04 8.4 -0.510476 -1.08635e-06
10.7321 -2.48434 -0.510476 1.58984e-12 -5.04 8.4 -0.510476 -1.08697e-06
10.7256 -2.47882 -0.510476 1.56208e-12 -5.04 8.4 -0.510476 -1.08758e-06
10.7191 -2.47328 -0.510476 1.50879e-12 -5.04 8.4 -0.510476 -1.0882e-06
10.7125 -2.46772 -0.510476 1.53588e-12 -5.04 8.4 -0.510476 -1.08882e-06
10.7059 -2.46215 -0.510476 1.55587e-12 -5.04 8.4 -0.510476 -1.08944e-06
10.6992 -2.45656 -0.510476 1.6025e-12 -5.04 8.4 -0.510476 -1.09006e-06
10.6925 -2.45096 -0.510476 1.6469e-12 -5.04 8.4 -0.510476 -1.09069e-06
10.6858 -2.44534 -0.510476 1.64979e-12 -5.04 8.4 -0.510476 -1.09131e-06
10.679 -2.4397 -0.510476 1.61227e-12 -5.04 8.4 -0.510476 -1.09194e-06
10.6722 -2.43404 -0.510476 1.61404e-12 -5.04 8.4 -0.510476 -1.09257e-06
10.6653 -2.42837 -0.510476 1.65246e-12 -5.04 8.4 -0.510476 -1.0932e-06
10.6584 -2.42268 -0.510476 1.65756e-12 -5.04 8.4 -0.510476 -1.09383e-06
10.6515 -2.41697 -0.510476 1.71307e-12 -5.04 8.4 -0.510476 -1.09447e-06
10.6445 -2.41124 -0.510476 1.68354e-12 -5.04 8.4 -0.510476 -1.0951e-06
10.6375 -2.4055 -0.510476 1.68177e-12 -5.04 8.4 -0.510476 -1.09574e-06
10.6304 -2.39974 -0.510476 1.67222e-12 -5.04 8.4 -0.510476 -1.09638e-06
10.6233 -2.39396 -0.510476 1.67621e-12 -5.04 8.4 -0.510476 -1.09702e-06
10.6162 -2.38816 -0.510476 1.61093e-12 -5.04 8.4 -0.510476 -1.09766e-06
10.609 -2.38235 -0.510476 1.61005e-12 -5.04 8.4 -0.510476 -1.09831e-06
10.6018 -2.37651 -0.510476 1.66867e-12 -5.04 8.4 -0.510476 -1.09895e-06
10.5945 -2.37066 -0.510476 1.65801e-12 -5.04 8.4 -0.510476 -1.0996e-06
10.5873 -2.36479 -0.510476 1.63936e-12 -5.04 8.4 -0.510476 -1.10025e-06
10.5799 -2.3589 -0.510476 1.62337e-12 -5.04 8.4 -0.510476 -1.10091e-06
10.5726 -2.353 -0.510476 1.65845e-12 -5.04 8.4 -0.510476 -1.10156e-06
10.5652 -2.34707 -0.510476 1.66467e-12 -5.04 8.4 -0.510476 -1.10222e-06
10.5577 -2.34112 -0.510476 1.63225e-12 -5.04 8.4 -0.510476 -1.10288e-06
10.5503 -2.33516 -0.510476 1.61404e-12 -5.04 8.4 -0.510476 -1.10354e-06
10.5428 -2.32917 -0.510476 1.62581e-12 -5.04 8.4 -0.510476 -1.1042e-06
10.5352 -2.32317 -0.510476 1.61271e-12 -5.04 8.4 -0.510476 -1.10486e-06
10.5277 -2.31715 -0.510476 1.58917e-12 -5.04 8.4 -0.510476 -1.10553e-06
10.5201 -2.3111 -0.510476 1.56719e-12 -5.04 8.4 -0.510476 -1.1062e-06
10.5124 -2.30504 -0.510476 1.5814e-12 -5.04 8.4 -0.510476 -1.10687e-06
10.5047 -2.29896 -0.510476 1.56941e-12 -5.04 8.4 -0.510476 -1.10754e-06
10.497 -2.29285 -0.510476 1.60605e-12 -5.04 8.4 -0.510476 -1.10822e-06
10.4893 -2.28673 -0.510476 1.58273e-12 -5.04 8.4 -0.510476 -1.1089e-06
10.4815 -2.28059 -0.510476 1.5743e-12 -5.04 8.4 -0.510476 -1.10958e-06
10.4737 -2.27443 -0.510476 1.56763e-12 -5.04 8.4 -0.510476 -1.11026e-06
10.4658 -2.26824 -0.510476 1.51301e-12 -5.04 8.4 -0.510476 -1.11094e-06
10.4579 -2.26204 -0.510476 1.51057e-12 -5.04 8.4 -0.510476 -1.11163e-06
10.45 -2.25581 -0.510476 1.46216e-12 -5.04 8.4 -0.510476 -1.11232e-06
10.442 -2.24957 -0.510476 1.45794e-12 -5.04 8.4 -0.510476 -1.11301e-06
10.4341 -2.2433 -0.510476 1.50036e-12 -5.04 8.4 -0.510476 -1.1137e-06
10.426 -2.23701 -0.510476 1.49747e-12 -5.04 8.4 -0.510476 -1.11439e-06
10.418 -2.2307 -0.510476 1.53255e-12 -5.04 8.4 -0.510476 -1.11509e-06
10.4099 -2.22438 -0.510476 1.49192e-12 -5.04 8.4 -0.510476 -1.11579e-06
10.4018 -2.21802 -0.510476 1.53211e-12 -5.04 8.4 -0.510476 -1.11649e-06
10.3936 -2.21165 -0.510476 1.44929e-12 -5.04 8.4 -0.510476 -1.1172e-06
10.3855 -2.20526 -0.510476 1.46061e-12 -5.04 8.4 -0.510476 -1.11791e-06
10.3772 -2.19884 -0.510476 1.45217e-12 -5.04 8.4 -0.510476 -1.11862e-06
10.369 -2.19241 -0.510476 1.45217e-12 -5.04 8.4 -0.510476 -1.11933e-06
10.3607 -2.18595 -0.510476 1.43574e-12 -5.04 8.4 -0.510476 -1.12004e-06
10.3524 -2.17947 -0.510476 1.52656e-12 -5.04 8.4 -0.510476 -1.12076e-06
10.3441 -2.17296 -0.510476 1.5461e-12 -5.04 8.4 -0.510476 -1.12148e-06
10.3357 -2.16644 -0.510476 1.51923e-12 -5.04 8.4 -0.510476 -1.1222e-06
10.3273 -2.15989 -0.510476 1.52345e-12 -5.04 8.4 -0.510476 -1.12292e-06
10.3189 -2.15333 -0.510476 1.63536e-12 -5.04 8.4 -0.510476 -1.12365e-06
10.3105 -2.14674 -0.510476 1.61982e-12 -5.04 8.4 -0.510476 -1.12438e-06
10.302 -2.14012 -0.510476 1.65268e-12 -5.04 8.4 -0.510476 -1.12511e-06
10.2935 -2.13349 -0.510476 1.67466e-12 -5.04 8.4 -0.510476 -1.12585e-06
10.2849 -2.12683 -0.510476 1.68043e-12 -5.04 8.4 -0.510476 -1.12659e-06
10.2764 -2.12015 -0.510476 1.61426e-12 -5.04 8.4 -0.510476 -1.12733e-06
10.2678 -2.11345 -0.510476 1.58162e-12 -5.04 8.4 -0.510476 -1.12807e-06
10.2591 -2.10672 -0.510476 1.56963e-12 -5.04 8.4 -0.510476 -1.12881e-06
10.2505 -2.09997 -0.510476 1.54743e-12 -5.04 8.4 -0.510476 -1.12956e-06
10.2418 -2.0932 -0.510476 1.68332e-12 -5.04 8.4 -0.510476 -1.13031e-06
10.2331 -2.08641 -0.510476 1.69953e-12 -5.04 8.4 -0.510476 -1.13107e-06
10.2244 -2.07959 -0.510476 1.73217e-12 -5.04 8.4 -0.510476 -1.13182e-06
10.2156 -2.07275 -0.510476 1.80833e-12 -5.04 8.4 -0.510476 -1.13258e-06
10.2068 -2.06589 -0.510476 1.83742e-12 -5.04 8.4 -0.510476 -1.13335e-06
10.198 -2.05901 -0.510476 1.88094e-12 -5.04 8.4 -0.510476 -1.13411e-06
10.1892 -2.0521 -0.510476 1.85274e-12 -5.04 8.4 -0.510476 -1.13488e-06
10.1804 -2.04517 -0.510476 1.87828e-12 -5.04 8.4 -0.510476 -1.13565e-06
10.1715 -2.03821 -0.510476 1.809e-12 -5.04 8.4 -0.510476 -1.13643e-06
10.1626 -2.03124 -0.510476 1.77902e-12 -5.04 8.4 -0.510476 -1.1372e-06
10.1536 -2.02423 -0.510476 1.83209e-12 -5.04 8.4 -0.510476 -1.13798e-06
10.1447 -2.01721 -0.510476 1.81322e-12 -5.04 8.4 -0.510476 -1.13877e-06
10.1357 -2.01016 -0.510476 1.79079e-12 -5.04 8.4 -0.510476 -1.13955e-06
10.1267 -2.00309 -0.510476 1.82065e-12 -5.04 8.4 -0.510476 -1.14034e-06
10.1177 -1.996 -0.510476 1.81088e-12 -5.04 8.4 -0.510476 -1.14113e-06
10.1086 -1.98888 -0.510476 1.81444e-12 -5.04 8.4 -0.510476 -1.14193e-06
10.0996 -1.98175 -0.510476 1.80067e-12 -5.04 8.4 -0.510476 -1.14273e-06
10.0905 -1.97458 -0.510476 1.82165e-12 -5.04 8.4 -0.510476 -1.14353e-06
10.0814 -1.9674 -0.510476 1.81932e-12 -5.04 8.4 -0.510476 -1.14434e-06
10.0722 -1.96019 -0.510476 1.82432e-12 -5.04 8.4 -0.510476 -1.14514e-06
10.0631 -1.95296 -0.510476 1.91169e-12 -5.04 8.4 -0.510476 -1.14596e-06
10.0539 -1.9457 -0.510476 1.91358e-12 -5.04 8.4 -0.510476 -1.14677e-06
10.0447 -1.93842 -0.510476 1.9249e-12 -5.04 8.4 -0.510476 -1.14759e-06
10.0355 -1.93112 -0.510476 1.96709e-12 -5.04 8.4 -0.510476 -1.14841e-06
10.0263 -1.92379 -0.510476 1.97886e-12 -5.04 8.4 -0.510476 -1.14923e-06
10.017 -1.91645 -0.510476 2.03537e-12 -5.04 8.4 -0.510476 -1.15006e-06
10.0078 -1.90908 -0.510476 2.05935e-12 -5.04 8.4 -0.510476 -1.15089e-06
9.99847 -1.90168 -0.510476 2.06779e-12 -5.04 8.4 -0.510476 -1.15173e-06
9.98917 -1.89426 -0.510476 2.06768e-12 -5.04 8.4 -0.510476 -1.15257e-06
9.97985 -1.88682 -0.510476 2.0397e-12 -5.04 8.4 -0.510476 -1.15341e-06
9.97051 -1.87936 -0.510476 2.04214e-12 -5.04 8.4 -0.510476 -1.15426e-06
9.96115 -1.87188 -0.510476 2.02843e-12 -5.04 8.4 -0.510476 -1.1551e-06
9.95178 -1.86437 -0.510476 2.02027e-12 -5.04 8.4 -0.510476 -1.15596e-06
9.94239 -1.85684 -0.510476 2.01417e-12 -5.04 8.4 -0.510476 -1.15681e-06
9.93298 -1.84928 -0.510476 2.03265e-12 -5.04 8.4 -0.510476 -1.15767e-06
9.92356 -1.84171 -0.510476 2.03665e-12 -5.04 8.4 -0.510476 -1.15854e-06
9.91413 -1.83411 -0.510476 2.01866e-12 -5.04 8.4 -0.510476 -1.1594e-06
9.90468 -1.82649 -0.510476 2.02027e-12 -5.04 8.4 -0.510476 -1.16027e-06
9.89522 -1.81885 -0.510476 2.01589e-12 -5.04 8.4 -0.510476 -1.16115e-06
9.88574 -1.81118 -0.510476 2.0175e-12 -5.04 8.4 -0.510476 -1.16203e-06
9.87625 -1.80349 -0.510476 2.03329e-12 -5.04 8.4 -0.510476 -1.16291e-06
9.86674 -1.79578 -0.510476 2.03321e-12 -5.04 8.4 -0.510476 -1.16379e-06
9.85723 -1.78805 -0.510476 2.03937e-12 -5.04 8.4 -0.510476 -1.16468e-06
9.8477 -1.7803 -0.510476 2.04731e-12 -5.04 8.4 -0.510476 -1.16558e-06
9.83816 -1.77253 -0.510476 2.04622e-12 -5.04 8.4 -0.510476 -1.16647e-06
9.82861 -1.76473 -0.510476 2.04306e-12 -5.04 8.4 -0.510476 -1.16737e-06
9.81905 -1.75691 -0.510476 2.04348e-12 -5.04 8.4 -0.510476 -1.16828e-06
9.80948 -1.74908 -0.510476 2.03199e-12 -5.04 8.4 -0.510476 -1.16919e-06
9.79989 -1.74122 -0.510476 2.0306e-12 -5.04 8.4 -0.510476 -1.1701e-06
9.7903 -1.73334 -0.510476 2.03052e-12 -5.04 8.4 -0.510476 -1.17102e-06
9.7807 -1.72543 -0.510476 2.02968e-12 -5.04 8.4 -0.510476 -1.17194e-06
9.77109 -1.71751 -0.510476 2.0307e-12 -5.04 8.4 -0.510476 -1.17287e-06
9.76147 -1.70957 -0.510476 2.02953e-12 -5.04 8.4 -0.510476 -1.17379e-06
9.75185 -1.70161 -0.510476 2.03124e-12 -5.04 8.4 -0.510476 -1.17473e-06
9.74221 -1.69363 -0.510476 2.03693e-12 -5.04 8.4 -0.510476 -1.17567e-06
9.73257 -1.68562 -0.510476 2.04223e-12 -5.04 8.4 -0.510476 -1.17661e-06
9.72293 -1.6776 -0.510476 2.04095e-12 -5.04 8.4 -0.510476 -1.17755e-06
9.71327 -1.66956 -0.510476 2.03776e-12 -5.04 8.4 -0.510476 -1.1785e-06
9.70361 -1.6615 -0.510476 2.03171e-12 -5.04 8.4 -0.510476 -1.17946e-06
9.69395 -1.65342 -0.510476 2.02671e-12 -5.04 8.4 -0.510476 -1.18042e-06
9.68428 -1.64532 -0.510476 2.02854e-12 -5.04 8.4 -0.510476 -1.18138e-06
9.67461 -1.6372 -0.510476 2.01883e-12 -5.04 8.4 -0.510476 -1.18235e-06
9.66493 -1.62906 -0.510476 2.02488e-12 -5.04 8.4 -0.510476 -1.18332e-06
9.65525 -1.62091 -0.510476 2.03088e-12 -5.04 8.4 -0.510476 -1.18429e-06
9.64557 -1.61274 -0.510476 2.01172e-12 -5.04 8.4 -0.510476 -1.18527e-06
9.63588 -1.60454 -0.510476 2.01578e-12 -5.04 8.4 -0.510476 -1.18626e-06
9.62619 -1.59634 -0.510476 2.01184e-12 -5.04 8.4 -0.510476 -1.18725e-06
9.6165 -1.58811 -0.510476 2.02816e-12 -5.04 8.4 -0.510476 -1.18824e-06
9.60681 -1.57987 -0.510476 2.02571e-12 -5.04 8.4 -0.510476 -1.18924e-06
9.59712 -1.57161 -0.510476 2.01739e-12 -5.04 8.4 -0.510476 -1.19025e-06
9.58743 -1.56333 -0.510476 1.95943e-12 -5.04 8.4 -0.510476 -1.19125e-06
9.57774 -1.55503 -0.510476 1.98275e-12 -5.04 8.4 -0.510476 -1.19227e-06
9.56805 -1.54672 -0.510476 1.99651e-12 -5.04 8.4 -0.510476 -1.19328e-06
9.55836 -1.5384 -0.510476 2.00795e-12 -5.04 8.4 -0.510476 -1.1943e-06
9.54868 -1.53006 -0.510476 1.95732e-12 -5.04 8.4 -0.510476 -1.19533e-06
9.53899 -1.5217 -0.510476 1.91713e-12 -5.04 8.4 -0.510476 -1.19636e-06
9.52931 -1.51333 -0.510476 1.90459e-12 -5.04 8.40001 -0.510476 -1.1974e-06
9.51963 -1.50494 -0.510476 1.86706e-12 -5.04 8.40001 -0.510476 -1.19844e-06
9.50996 -1.49654 -0.510476 1.86229e-12 -5.04 8.40001 -0.510476 -1.19948e-06
9.50029 -1.48812 -0.510476 1.88438e-12 -5.04 8.40001 -0.510476 -1.20053e-06
9.49063 -1.47969 -0.510476 1.87317e-12 -5.04 8.40001 -0.510476 -1.20159e-06
9.48097 -1.47125 -0.510476 1.89293e-12 -5.04 8.40001 -0.510476 -1.20265e-06
9.47132 -1.46279 -0.510476 1.90326e-12 -5.04 8.40001 -0.510476 -1.20372e-06
9.46167 -1.45432 -0.510476 1.84897e-12 -5.04 8.40001 -0.510476 -1.20479e-06
9.45203 -1.44584 -0.510476 1.84586e-12 -5.04 8.40001 -0.510476 -1.20586e-06
9.4424 -1.43734 -0.510476 1.80189e-12 -5.04 8.40001 -0.510476 -1.20694e-06
9.43278 -1.42883 -0.510476 1.8221e-12 -5.04 8.40001 -0.510476 -1.20803e-06
9.42316 -1.42031 -0.510476 1.82454e-12 -5.04 8.40001 -0.510476 -1.20912e-06
9.41356 -1.41178 -0.510476 1.81388e-12 -5.04 8.40001 -0.510476 -1.21021e-06
9.40396 -1.40324 -0.510476 1.81299e-12 -5.04 8.40001 -0.510476 -1.21131e-06
9.39437 -1.39469 -0.510476 1.8463e-12 -5.04 8.40001 -0.510476 -1.21242e-06
9.3848 -1.38612 -0.510476 1.79479e-12 -5.04 8.40001 -0.510476 -1.21353e-06
9.37524 -1.37755 -0.510476 1.7859e-12 -5.04 8.40001 -0.510476 -1.21464e-06
9.36568 -1.36896 -0.510476 1.78324e-12 -5.04 8.40001 -0.510476 -1.21576e-06
9.35615 -1.36037 -0.510476 1.72684e-12 -5.04 8.40001 -0.510476 -1.21689e-06
9.34662 -1.35176 -0.510476 1.71863e-12 -5.04 8.40001 -0.510476 -1.21802e-06
9.33711 -1.34315 -0.510476 1.71974e-12 -5.04 8.40001 -0.510476 -1.21916e-06
9.32761 -1.33453 -0.510476 1.66511e-12 -5.04 8.40001 -0.510476 -1.2203e-06
9.31813 -1.32589 -0.510476 1.64135e-12 -5.04 8.40001 -0.510476 -1.22145e-06
9.30866 -1.31726 -0.510476 1.58473e-12 -5.04 8.40001 -0.510476 -1.2226e-06
9.29921 -1.30861 -0.510476 1.59162e-12 -5.04 8.40001 -0.510476 -1.22376e-06
9.28977 -1.29995 -0.510476 1.55698e-12 -5.04 8.40001 -0.510476 -1.22493e-06
9.28035 -1.29129 -0.510476 1.54299e-12 -5.04 8.40001 -0.510476 -1.22609e-06
9.27095 -1.28263 -0.510476 1.5834e-12 -5.04 8.40001 -0.510476 -1.22727e-06
9.26157 -1.27395 -0.510476 1.61959e-12 -5.04 8.40001 -0.510476 -1.22845e-06
9.2522 -1.26527 -0.510476 1.60227e-12 -5.04 8.40001 -0.510476 -1.22964e-06
9.24286 -1.25658 -0.510476 1.54055e-12 -5.04 8.40001 -0.510476 -1.23083e-06
9.23353 -1.24789 -0.510476 1.61204e-12 -5.04 8.40001 -0.510476 -1.23202e-06
9.22423 -1.23919 -0.510476 1.6156e-12 -5.04 8.40001 -0.510476 -1.23323e-06
9.21494 -1.23049 -0.510476 1.65579e-12 -5.04 8.40001 -0.510476 -1.23443e-06
9.20568 -1.22178 -0.510476 1.70819e-12 -5.04 8.40001 -0.510476 -1.23565e-06
9.19644 -1.21307 -0.510476 2.21179e-12 -5.04 8.40001 -0.510476 -1.23687e-06
9.18722 -1.20436 -0.510476 2.16627e-12 -5.04 8.40001 -0.510476 -1.23809e-06
9.17803 -1.19564 -0.510476 2.1807e-12 -5.04 8.40001 -0.510476 -1.23932e-06
9.16886 -1.18692 -0.510476 2.17271e-12 -5.04 8.40001 -0.510476 -1.24056e-06
9.15972 -1.17819 -0.510476 2.18803e-12 -5.04 8.40001 -0.510476 -1.2418e-06
9.1506 -1.16947 -0.510476 2.1918e-12 -5.04 8.40001 -0.510476 -1.24305e-06
9.1415 -1.16074 -0.510476 2.19513e-12 -5.04 8.40001 -0.510476 -1.2443e-06
9.13244 -1.15201 -0.510476 2.19536e-12 -5.04 8.40001 -0.510476 -1.24556e-06
9.12339 -1.14327 -0.510476 2.20179e-12 -5.04 8.40001 -0.510476 -1.24683e-06
9.11438 -1.13454 -0.510476 2.21534e-12 -5.04 8.40001 -0.510476 -1.2481e-06
9.1054 -1.12581 -0.510476 2.21179e-12 -5.04 8.40001 -0.510476 -1.24938e-06
9.09644 -1.11707 -0.510476 2.12141e-12 -5.04 8.40001 -0.510476 -1.25066e-06
9.08752 -1.10833 -0.510476 2.22e-12 -5.04 8.40001 -0.510476 -1.25195e-06
9.07862 -1.0996 -0.510476 2.25286e-12 -5.04 8.40001 -0.510476 -1.25324e-06
9.06976 -1.09086 -0.510476 2.2391e-12 -5.04 8.40001 -0.510476 -1.25454e-06
9.06092 -1.08213 -0.510476 2.21334e-12 -5.04 8.40001 -0.510476 -1.25585e-06
9.05212 -1.07339 -0.510476 2.228e-12 -5.04 8.40001 -0.510476 -1.25716e-06
9.04335 -1.06466 -0.510476 2.27862e-12 -5.04 8.40001 -0.510476 -1.25848e-06
9.03462 -1.05592 -0.510476 2.32436e-12 -5.04 8.40001 -0.510476 -1.2598e-06
9.02591 -1.04719 -0.510476 2.39408e-12 -5.04 8.40001 -0.510476 -1.26113e-06
9.01725 -1.03846 -0.510476 2.23865e-12 -5.04 8.40001 -0.510476 -1.26247e-06
9.00861 -1.02974 -0.510476 2.25819e-12 -5.04 8.40001 -0.510476 -1.26381e-06
9.00002 -1.02101 -0.510476 2.14451e-12 -5.04 8.40001 -0.510476 -1.26516e-06
8.99146 -1.01229 -0.510476 2.05613e-12 -5.04 8.40001 -0.510476 -1.26651e-06
8.98293 -1.00357 -0.510476 2.0095e-12 -5.04 8.40001 -0.510476 -1.26788e-06
8.97445 -0.994858 -0.510476 2.03171e-12 -5.04 8.40001 -0.510476 -1.26924e-06
8.966 -0.986146 -0.510476 2.0357e-12 -5.04 8.40001 -0.510476 -1.27061e-06
8.95759 -0.977438 -0.510476 1.97087e-12 -5.04 8.40001 -0.510476 -1.27199e-06
8.94922 -0.968734 -0.510476 2.00862e-12 -5.04 8.40001 -0.510476 -1.27338e-06
8.94089 -0.960034 -0.510476 1.94733e-12 -5.04 8.40001 -0.510476 -1.27477e-06
8.9326 -0.951338 -0.510476 1.90958e-12 -5.04 8.40001 -0.510476 -1.27616e-06
8.92436 -0.942648 -0.510476 2.0175e-12 -5.04 8.40001 -0.510476 -1.27757e-06
8.91615 -0.933962 -0.510476 2.02327e-12 -5.04 8.40001 -0.510476 -1.27897e-06
8.90799 -0.925281 -0.510476 1.9198e-12 -5.04 8.40001 -0.510476 -1.28039e-06
8.89987 -0.916605 -0.510476 1.94511e-12 -5.04 8.40001 -0.510476 -1.28181e-06
8.89179 -0.907935 -0.510476 1.98241e-12 -5.04 8.40001 -0.510476 -1.28324e-06
8.88376 -0.899271 -0.510476 2.11076e-12 -5.04 8.40001 -0.510476 -1.28467e-06
8.87578 -0.890613 -0.510476 2.20801e-12 -5.04 8.40001 -0.510476 -1.28611e-06
8.86784 -0.881961 -0.510476 2.14984e-12 -5.04 8.40001 -0.510476 -1.28755e-06
8.85994 -0.873315 -0.510476 2.15961e-12 -5.04 8.40001 -0.510476 -1.289e-06
8.8521 -0.864676 -0.510476 2.24487e-12 -5.04 8.40001 -0.510476 -1.29046e-06
8.8443 -0.856043 -0.510476 2.44382e-12 -5.04 8.40001 -0.510476 -1.29193e-06
8.83655 -0.847417 -0.510476 2.39053e-12 -5.04 8.40001 -0.510476 -1.29339e-06
8.82885 -0.838798 -0.510476 2.4194e-12 -5.04 8.40001 -0.510476 -1.29487e-06
8.8212 -0.830187 -0.510476 2.36922e-12 -5.04 8.40001 -0.510476 -1.29635e-06
8.81359 -0.821582 -0.510476 2.40208e-12 -5.04 8.40001 -0.510476 -1.29784e-06
8.80604 -0.812985 -0.510476 2.42162e-12 -5.04 8.40001 -0.510476 -1.29933e-06
8.79854 -0.804396 -0.510476 2.44027e-12 -5.04 8.40001 -0.510476 -1.30083e-06
8.7911 -0.795815 -0.510476 2.42117e-12 -5.04 8.40001 -0.510476 -1.30234e-06
8.7837 -0.787241 -0.510476 2.3852e-12 -5.04 8.40001 -0.510476 -1.30385e-06
8.77636 -0.778676 -0.510476 2.37632e-12 -5.04 8.40001 -0.510476 -1.30537e-06
8.76907 -0.770118 -0.510476 2.33502e-12 -5.04 8.40001 -0.510476 -1.30689e-06
8.76184 -0.761569 -0.510476 2.38609e-12 -5.04 8.40001 -0.510476 -1.30842e-06
8.75466 -0.753028 -0.510476 2.38787e-12 -5.04 8.40001 -0.510476 -1.30996e-06
8.74754 -0.744496 -0.510476 2.4114e-12 -5.04 8.40001 -0.510476 -1.3115e-06
8.74047 -0.735972 -0.510476 2.27551e-12 -5.04 8.40001 -0.510476 -1.31304e-06
8.73347 -0.727457 -0.510476 2.26663e-12 -5.04 8.40001 -0.510476 -1.3146e-06
8.72651 -0.718951 -0.510476 2.29949e-12 -5.04 8.40001 -0.510476 -1.31616e-06
8.71962 -0.710453 -0.510476 2.3932e-12 -5.04 8.40001 -0.510476 -1.31772e-06
8.71279 -0.701964 -0.510476 2.42961e-12 -5.04 8.40001 -0.510476 -1.31929e-06
8.70601 -0.693485 -0.510476 2.37277e-12 -5.04 8.40001 -0.510476 -1.32087e-06
8.6993 -0.685014 -0.510476 2.39408e-12 -5.04 8.40001 -0.510476 -1.32245e-06
8.69264 -0.676552 -0.510476 2.43094e-12 -5.04 8.40001 -0.510476 -1.32404e-06
8.68605 -0.6681 -0.510476 2.36788e-12 -5.04 8.40001 -0.510476 -1.32563e-06
8.67952 -0.659657 -0.510476 2.36522e-12 -5.04 8.40001 -0.510476 -1.32723e-06
8.67305 -0.651223 -0.510476 2.32836e-12 -5.04 8.40001 -0.510476 -1.32884e-06
8.66664 -0.642798 -0.510476 2.26352e-12 -5.04 8.40001 -0.510476 -1.33045e-06
8.6603 -0.634382 -0.510476 2.30438e-12 -5.04 8.40001 -0.510476 -1.33207e-06
8.65402 -0.625976 -0.510476 2.28662e-12 -5.04 8.40001 -0.510476 -1.33369e-06
8.6478 -0.61758 -0.510476 2.28573e-12 -5.04 8.40001 -0.510476 -1.33532e-06
8.64166 -0.609192 -0.510476 2.28573e-12 -5.04 8.40001 -0.510476 -1.33695e-06
8.63557 -0.600814 -0.510476 2.20579e-12 -5.04 8.40001 -0.510476 -1.33859e-06
8.62956 -0.592445 -0.510476 2.25331e-12 -5.04 8.40001 -0.510476 -1.34023e-06
8.6236 -0.584086 -0.510476 2.32347e-12 -5.04 8.40001 -0.510476 -1.34188e-06
8.61772 -0.575736 -0.510476 2.27551e-12 -5.04 8.40001 -0.510476 -1.34354e-06
8.61191 -0.567396 -0.510476 2.28795e-12 -5.04 8.40001 -0.510476 -1.3452e-06
8.60616 -0.559064 -0.510476 2.28395e-12 -5.04 8.40001 -0.510476 -1.34686e-06
8.60048 -0.550742 -0.510476 2.26175e-12 -5.04 8.40001 -0.510476 -1.34853e-06
8.59488 -0.54243 -0.510476 2.30882e-12 -5.04 8.40001 -0.510476 -1.35021e-06
8.58934 -0.534127 -0.510476 2.29194e-12 -5.04 8.40001 -0.510476 -1.35189e-06
8.58387 -0.525832 -0.510475 2.3177e-12 -5.04 8.40001 -0.510476 -1.35358e-06
8.57847 -0.517548 -0.510475 2.34568e-12 -5.04 8.40001 -0.510476 -1.35527e-06
8.57315 -0.509272 -0.510475 2.4416e-12 -5.04 8.40001 -0.510476 -1.35697e-06
8.5679 -0.501005 -0.510475 2.38076e-12 -5.04 8.40001 -0.510476 -1.35867e-06
8.56272 -0.492748 -0.510475 2.22133e-12 -5.04 8.40001 -0.510476 -1.36037e-06
8.55761 -0.484499 -0.510475 2.33946e-12 -5.04 8.40001 -0.510476 -1.36209e-06
8.55258 -0.47626 -0.510475 2.3801e-12 -5.04 8.40001 -0.510476 -1.3638e-06
8.54762 -0.468029 -0.510475 2.47491e-12 -5.04 8.40001 -0.510476 -1.36552e-06
8.54274 -0.459807 -0.510475 2.498e-12 -5.04 8.40001 -0.510476 -1.36725e-06
8.53793 -0.451594 -0.510475 2.49756e-12 -5.04 8.40001 -0.510476 -1.36898e-06
8.53319 -0.443389 -0.510475 2.43783e-12 -5.04 8.40001 -0.510476 -1.37071e-06
8.52854 -0.435193 -0.510475 2.45559e-12 -5.04 8.40001 -0.510476 -1.37245e-06
8.52396 -0.427006 -0.510475 2.4627e-12 -5.04 8.40001 -0.510476 -1.3742e-06
8.51945 -0.418827 -0.510475 2.43805e-12 -5.04 8.40001 -0.510476 -1.37595e-06
8.51503 -0.410656 -0.510475 2.43561e-12 -5.04 8.40001 -0.510476 -1.3777e-06
8.51068 -0.402493 -0.510475 2.42451e-12 -5.04 8.40001 -0.510476 -1.37946e-06
8.50641 -0.394339 -0.510475 2.41362e-12 -5.04 8.40001 -0.510476 -1.38122e-06
8.50222 -0.386192 -0.510475 2.5222e-12 -5.04 8.40001 -0.510476 -1.38298e-06
8.4981 -0.378054 -0.510475 2.53131e-12 -5.04 8.40001 -0.510476 -1.38475e-06
8.49407 -0.369923 -0.510475 2.50622e-12 -5.04 8.40001 -0.510476 -1.38653e-06
8.49012 -0.3618 -0.510475 2.51399e-12 -5.04 8.40001 -0.510476 -1.38831e-06
8.48624 -0.353684 -0.510475 2.47624e-12 -5.04 8.40001 -0.510476 -1.39009e-06
8.48245 -0.345576 -0.510475 2.43183e-12 -5.04 8.40001 -0.510476 -1.39187e-06
8.47874 -0.337475 -0.510475 2.44071e-12 -5.04 8.40001 -0.510476 -1.39366e-06
8.47511 -0.329382 -0.510475 2.41873e-12 -5.04 8.40001 -0.510476 -1.39546e-06
8.47156 -0.321295 -0.510475 2.43006e-12 -5.04 8.40001 -0.510476 -1.39725e-06
8.4681 -0.313215 -0.510475 2.45226e-12 -5.04 8.40001 -0.510476 -1.39905e-06
8.46472 -0.305142 -0.510475 2.45626e-12 -5.04 8.40001 -0.510476 -1.40086e-06
8.46142 -0.297076 -0.510475 2.48024e-12 -5.04 8.40001 -0.510476 -1.40267e-06
8.4582 -0.289016 -0.510475 2.40341e-12 -5.04 8.40001 -0.510476 -1.40448e-06
8.45507 -0.280963 -0.510475 2.39164e-12 -5.04 8.40001 -0.510476 -1.40629e-06
8.45202 -0.272916 -0.510475 2.36589e-12 -5.04 8.40001 -0.510476 -1.40811e-06
8.44905 -0.264875 -0.510475 2.43117e-12 -5.04 8.40001 -0.510476 -1.40993e-06
8.44617 -0.256839 -0.510475 2.42628e-12 -5.04 8.40001 -0.510476 -1.41175e-06
8.44338 -0.24881 -0.510475 2.48002e-12 -5.04 8.40001 -0.510476 -1.41358e-06
8.44066 -0.240786 -0.510475 2.50844e-12 -5.04 8.40001 -0.510476 -1.41541e-06
8.43804 -0.232767 -0.510475 2.48712e-12 -5.04 8.40001 -0.510476 -1.41724e-06
8.4355 -0.224754 -0.510475 2.5342e-12 -5.04 8.40001 -0.510476 -1.41907e-06
8.43305 -0.216746 -0.510475 2.52243e-12 -5.04 8.40001 -0.510476 -1.42091e-06
8.43068 -0.208743 -0.510475 2.5191e-12 -5.04 8.40001 -0.510476 -1.42275e-06
8.4284 -0.200745 -0.510475 2.51388e-12 -5.04 8.40001 -0.510476 -1.42459e-06
8.4262 -0.192751 -0.510475 2.50266e-12 -5.04 8.40001 -0.510476 -1.42643e-06
8.4241 -0.184762 -0.510475 2.51155e-12 -5.04 8.40001 -0.510476 -1.42828e-06
8.42208 -0.176777 -0.510475 2.5161e-12 -5.04 8.40001 -0.510476 -1.43013e-06
8.42014 -0.168796 -0.510475 2.52232e-12 -5.04 8.40001 -0.510476 -1.43198e-06
8.4183 -0.160819 -0.510475 2.51466e-12 -5.04 8.40001 -0.510476 -1.43383e-06
8.41654 -0.152846 -0.510475 2.49811e-12 -5.04 8.40001 -0.510476 -1.43569e-06
8.41487 -0.144877 -0.510475 2.50344e-12 -5.04 8.40001 -0.510476 -1.43754e-06
8.41329 -0.13691 -0.510475 2.49745e-12 -5.04 8.40001 -0.510476 -1.4394e-06
8.4118 -0.128947 -0.510475 2.48135e-12 -5.04 8.40001 -0.510476 -1.44126e-06
8.41039 -0.120988 -0.510475 2.46381e-12 -5.04 8.40001 -0.510476 -1.44312e-06
8.40908 -0.113031 -0.510475 2.45348e-12 -5.04 8.40001 -0.510476 -1.44499e-06
8.40785 -0.105076 -0.510475 2.44216e-12 -5.04 8.40001 -0.510476 -1.44685e-06
8.40671 -0.0971243 -0.510475 2.4537e-12 -5.04 8.40001 -0.510476 -1.44872e-06
8.40566 -0.0891747 -0.510475 2.45909e-12 -5.04 8.40001 -0.510476 -1.45058e-06
8.4047 -0.0812273 -0.510475 2.45531e-12 -5.04 8.40001 -0.510476 -1.45245e-06
8.40383 -0.0732818 -0.510475 2.45132e-12 -5.04 8.40001 -0.510476 -1.45432e-06
8.40305 -0.0653381 -0.510475 2.45942e-12 -5.04 8.40001 -0.510476 -1.45619e-06
8.40235 -0.0573959 -0.510475 2.45276e-12 -5.04 8.40001 -0.510476 -1.45806e-06
8.40175 -0.0494551 -0.510475 2.44796e-12 -5.04 8.40001 -0.510476 -1.45993e-06
8.40124 -0.0415154 -0.510475 2.45004e-12 -5.04 8.40001 -0.510476 -1.4618e-06
8.40081 -0.0335768 -0.510475 2.44849e-12 -5.04 8.40001 -0.510476 -1.46367e-06
8.40048 -0.025639 -0.510475 2.44771e-12 -5.04 8.40001 -0.510476 -1.46555e-06
8.40023 -0.0177018 -0.510475 2.44291e-12 -5.04 8.40001 -0.510476 -1.46742e-06
8.40008 -0.00976498 -0.510475 2.44049e-12 -5.04 8.40001 -0.510476 -1.46929e-06
8.40001 -0.00182842 -0.510475 2.43935e-12 -5.04 8.40001 -0.510476 -1.47117e-06
8.40004 0.00610809 -0.510475 2.43975e-12 -5.04 8.40001 -0.510476 -1.47304e-06
8.40015 0.0140447 -0.510475 2.44345e-12 -5.04 8.40001 -0.510476 -1.47491e-06
8.40035 0.0219817 -0.510475 2.43605e-12 -5.04 8.40001 -0.510476 -1.47679e-06
8.40065 0.0299193 -0.510475 2.43786e-12 -5.04 8.40001 -0.510476 -1.47866e-06
8.40103 0.0378575 -0.510475 2.43178e-12 -5.04 8.40001 -0.510476 -1.48053e-06
8.4015 0.0457967 -0.510475 2.42922e-12 -5.04 8.40001 -0.510476 -1.4824e-06
8.40207 0.0537369 -0.510475 2.42578e-12 -5.04 8.40001 -0.510476 -1.48427e-06
8.40272 0.0616784 -0.510475 2.42451e-12 -5.04 8.40001 -0.510476 -1.48614e-06
8.40346 0.0696214 -0.510475 2.42811e-12 -5.04 8.40001 -0.510476 -1.48801e-06
8.40429 0.0775661 -0.510475 2.4083e-12 -5.04 8.40001 -0.510476 -1.48988e-06
8.40521 0.0855126 -0.510475 2.40491e-12 -5.04 8.40001 -0.510476 -1.49175e-06
8.40622 0.0934612 -0.510475 2.40669e-12 -5.04 8.40001 -0.510476 -1.49362e-06
8.40731 0.101412 -0.510475 2.44105e-12 -5.04 8.40001 -0.510476 -1.49549e-06
8.4085 0.109365 -0.510475 2.44005e-12 -5.04 8.40001 -0.510476 -1.49735e-06
8.40978 0.117321 -0.510475 2.42439e-12 -5.04 8.40001 -0.510476 -1.49921e-06
8.41114 0.125279 -0.510475 2.4406e-12 -5.04 8.40001 -0.510476 -1.50108e-06
8.41259 0.133241 -0.510475 2.44771e-12 -5.04 8.40001 -0.510476 -1.50294e-06
8.41413 0.141206 -0.510475 2.42439e-12 -5.04 8.40001 -0.510476 -1.5048e-06
8.41576 0.149174 -0.510475 2.44016e-12 -5.04 8.40001 -0.510476 -1.50665e-06
8.41748 0.157145 -0.510475 2.45004e-12 -5.04 8.40001 -0.510476 -1.50851e-06
8.41928 0.16512 -0.510475 2.46603e-12 -5.04 8.40001 -0.510476 -1.51036e-06
8.42118 0.173099 -0.510475 2.56106e-12 -5.04 8.40001 -0.510476 -1.51221e-06
8.42316 0.181082 -0.510475 2.58293e-12 -5.04 8.40001 -0.510476 -1.51406e-06
8.42522 0.189069 -0.510475 2.57672e-12 -5.04 8.40001 -0.510476 -1.51591e-06
8.42738 0.197061 -0.510475 2.57627e-12 -5.04 8.40001 -0.510476 -1.51776e-06
8.42962 0.205057 -0.510475 2.5876e-12 -5.04 8.40001 -0.510476 -1.5196e-06
8.43195 0.213058 -0.510475 2.58238e-12 -5.04 8.40001 -0.510476 -1.52144e-06
8.43436 0.221064 -0.510475 2.57616e-12 -5.04 8.40001 -0.510476 -1.52328e-06
8.43686 0.229075 -0.510475 2.59592e-12 -5.04 8.40001 -0.510476 -1.52511e-06
8.43944 0.237091 -0.510475 2.62124e-12 -5.04 8.40001 -0.510476 -1.52695e-06
8.44212 0.245112 -0.510475 2.61924e-12 -5.04 8.40001 -0.510476 -1.52878e-06
8.44487 0.253139 -0.510475 2.62568e-12 -5.04 8.40001 -0.510476 -1.53061e-06
8.44771 0.261171 -0.510475 2.55662e-12 -5.04 8.40001 -0.510476 -1.53243e-06
8.45064 0.26921 -0.510475 2.60414e-12 -5.04 8.40001 -0.510476 -1.53425e-06
8.45365 0.277254 -0.510475 2.61746e-12 -5.04 8.40001 -0.510476 -1.53607e-06
8.45674 0.285305 -0.510475 2.66431e-12 -5.04 8.40001 -0.510476 -1.53789e-06
8.45992 0.293362 -0.510475 2.73803e-12 -5.04 8.40001 -0.510476 -1.5397e-06
8.46318 0.301425 -0.510475 2.7367e-12 -5.04 8.40001 -0.510476 -1.54151e-06
8.46653 0.309495 -0.510475 2.76201e-12 -5.04 8.40001 -0.510476 -1.54331e-06
8.46996 0.317571 -0.510475 2.69385e-12 -5.04 8.40001 -0.510476 -1.54511e-06
8.47347 0.325655 -0.510475 2.66942e-12 -5.04 8.40001 -0.510476 -1.54691e-06
8.47706 0.333745 -0.510475 2.57372e-12 -5.04 8.40001 -0.510476 -1.54871e-06
8.48073 0.341843 -0.510475 2.56861e-12 -5.04 8.40001 -0.510476 -1.5505e-06
8.48449 0.349947 -0.510475 2.50489e-12 -5.04 8.40001 -0.510476 -1.55229e-06
8.48832 0.35806 -0.510475 2.55374e-12 -5.04 8.40001 -0.510476 -1.55407e-06
8.49224 0.366179 -0.510475 2.51199e-12 -5.04 8.40001 -0.510476 -1.55585e-06
8.49623 0.374306 -0.510475 2.5866e-12 -5.04 8.40001 -0.510476 -1.55763e-06
8.50031 0.382441 -0.510475 2.5826e-12 -5.04 8.40001 -0.510476 -1.5594e-06
8.50447 0.390584 -0.510475 2.48535e-12 -5.04 8.40001 -0.510476 -1.56116e-06
8.5087 0.398735 -0.510475 2.47891e-12 -5.04 8.40001 -0.510476 -1.56293e-06
8.51301 0.406894 -0.510475 2.49889e-12 -5.04 8.40001 -0.510476 -1.56469e-06
8.5174 0.415061 -0.510475 2.46536e-12 -5.04 8.40001 -0.510476 -1.56644e-06
8.52187 0.423236 -0.510475 2.43072e-12 -5.04 8.40001 -0.510476 -1.56819e-06
8.52642 0.43142 -0.510475 2.42451e-12 -5.04 8.40001 -0.510476 -1.56994e-06
8.53104 0.439612 -0.510475 2.53753e-12 -5.04 8.40001 -0.510476 -1.57168e-06
8.53574 0.447812 -0.510475 2.64433e-12 -5.04 8.40001 -0.510476 -1.57342e-06
8.54051 0.456022 -0.510475 2.73359e-12 -5.04 8.40001 -0.510476 -1.57515e-06
8.54536 0.464239 -0.510475 2.76024e-12 -5.04 8.40001 -0.510476 -1.57688e-06
8.55029 0.472466 -0.510475 2.75824e-12 -5.04 8.40001 -0.510476 -1.5786e-06
8.55528 0.480702 -0.510475 2.77134e-12 -5.04 8.40001 -0.510476 -1.58032e-06
8.56036 0.488946 -0.510475 2.77645e-12 -5.04 8.40001 -0.510476 -1.58203e-06
8.5655 0.497199 -0.510475 2.74003e-12 -5.04 8.40001 -0.510476 -1.58374e-06
8.57072 0.505462 -0.510475 2.73737e-12 -5.04 8.40001 -0.510476 -1.58545e-06
8.57601 0.513733 -0.510475 2.64366e-12 -5.04 8.40001 -0.510476 -1.58715e-06
8.58138 0.522014 -0.510475 2.60636e-12 -5.04 8.40001 -0.510476 -1.58884e-06
8.58681 0.530304 -0.510475 2.5433e-12 -5.04 8.40001 -0.510476 -1.59053e-06
8.59232 0.538603 -0.510475 2.45137e-12 -5.04 8.40001 -0.510476 -1.59221e-06
8.59789 0.546911 -0.510475 2.40075e-12 -5.04 8.40001 -0.510476 -1.59389e-06
8.60354 0.555229 -0.510475 2.30749e-12 -5.04 8.40001 -0.510476 -1.59556e-06
8.60925 0.563556 -0.510475 2.2542e-12 -5.04 8.40001 -0.510476 -1.59723e-06
8.61503 0.571892 -0.510475 2.27063e-12 -5.04 8.40001 -0.510476 -1.5989e-06
8.62089 0.580238 -0.510475 2.29816e-12 -5.04 8.40001 -0.510476 -1.60055e-06
8.62681 0.588593 -0.510475 2.26308e-12 -5.04 8.40001 -0.510476 -1.60221e-06
8.63279 0.596957 -0.510475 2.23421e-12 -5.04 8.40001 -0.510476 -1.60385e-06
8.63884 0.605331 -0.510475 2.18847e-12 -5.04 8.40001 -0.510476 -1.60549e-06
8.64496 0.613714 -0.510475 2.19469e-12 -5.04 8.40001 -0.510476 -1.60713e-06
8.65115 0.622106 -0.510475 2.21245e-12 -5.04 8.40001 -0.510476 -1.60876e-06
8.6574 0.630508 -0.510475 2.23954e-12 -5.04 8.40001 -0.510476 -1.61038e-06
8.66371 0.638919 -0.510475 2.20757e-12 -5.04 8.40001 -0.510476 -1.612e-06
8.67009 0.64734 -0.510475 2.22089e-12 -5.04 8.40001 -0.510476 -1.61362e-06
8.67653 0.655769 -0.510475 2.16405e-12 -5.04 8.40001 -0.510476 -1.61523e-06
8.68303 0.664208 -0.510475 2.16138e-12 -5.04 8.40001 -0.510476 -1.61683e-06
8.6896 0.672657 -0.510475 2.1747e-12 -5.04 8.40001 -0.510476 -1.61842e-06
8.69622 0.681114 -0.510475 2.18359e-12 -5.04 8.40001 -0.510476 -1.62001e-06
8.70291 0.689581 -0.510475 2.24709e-12 -5.04 8.40001 -0.510476 -1.6216e-06
8.70966 0.698056 -0.510475 2.20224e-12 -5.04 8.40001 -0.510476 -1.62318e-06
8.71647 0.706541 -0.510475 2.12141e-12 -5.04 8.40001 -0.510476 -1.62475e-06
8.72333 0.715034 -0.510475 2.09122e-12 -5.04 8.40001 -0.510476 -1.62632e-06
8.73026 0.723537 -0.510475 2.16582e-12 -5.04 8.40001 -0.510476 -1.62788e-06
8.73724 0.732048 -0.510475 2.14229e-12 -5.04 8.40001 -0.510476 -1.62944e-06
8.74428 0.740567 -0.510475 2.1414e-12 -5.04 8.40001 -0.510476 -1.63099e-06
8.75137 0.749096 -0.510475 2.13918e-12 -5.04 8.40001 -0.510476 -1.63253e-06
8.75853 0.757633 -0.510475 2.11475e-12 -5.04 8.40001 -0.510476 -1.63407e-06
8.76573 0.766178 -0.510475 2.14273e-12 -5.04 8.40001 -0.510476 -1.6356e-06
8.773 0.774732 -0.510475 2.11742e-12 -5.04 8.40001 -0.510476 -1.63713e-06
8.78031 0.783294 -0.510475 2.18536e-12 -5.04 8.40001 -0.510476 -1.63865e-06
8.78768 0.791863 -0.510475 2.08367e-12 -5.04 8.40001 -0.510476 -1.64016e-06
8.79511 0.800441 -0.510475 2.06146e-12 -5.04 8.40001 -0.510476 -1.64167e-06
8.80258 0.809027 -0.510475 2.10232e-12 -5.04 8.40001 -0.510476 -1.64317e-06
8.81011 0.81762 -0.510475 2.04725e-12 -5.04 8.40001 -0.510476 -1.64467e-06
8.81769 0.826221 -0.510475 2.09832e-12 -5.04 8.40001 -0.510476 -1.64616e-06
8.82532 0.834829 -0.510475 2.12053e-12 -5.04 8.40001 -0.510476 -1.64764e-06
8.833 0.843445 -0.510475 2.14806e-12 -5.04 8.40001 -0.510476 -1.64912e-06
8.84072 0.852068 -0.510475 2.27196e-12 -5.04 8.40001 -0.510476 -1.6506e-06
8.8485 0.860697 -0.510475 2.22222e-12 -5.04 8.40001 -0.510476 -1.65206e-06
8.85632 0.869333 -0.510475 2.22933e-12 -5.04 8.40001 -0.510476 -1.65352e-06
8.8642 0.877976 -0.510475 2.24443e-12 -5.04 8.40001 -0.510476 -1.65498e-06
8.87211 0.886625 -0.510475 2.1867e-12 -5.04 8.40001 -0.510476 -1.65642e-06
8.88008 0.895281 -0.510475 2.19913e-12 -5.04 8.40001 -0.510476 -1.65786e-06
8.88809 0.903942 -0.510475 2.27862e-12 -5.04 8.40001 -0.510476 -1.6593e-06
8.89614 0.91261 -0.510475 2.35678e-12 -5.04 8.40001 -0.510476 -1.66073e-06
8.90424 0.921283 -0.510475 2.32436e-12 -5.04 8.40001 -0.510476 -1.66215e-06
8.91239 0.929961 -0.510475 2.19336e-12 -5.04 8.40001 -0.510476 -1.66357e-06
8.92057 0.938645 -0.510475 2.25553e-12 -5.04 8.40001 -0.510476 -1.66498e-06
8.9288 0.947333 -0.510475 2.2613e-12 -5.04 8.40001 -0.510476 -1.66639e-06
8.93707 0.956027 -0.510475 2.17915e-12 -5.04 8.40001 -0.510476 -1.66779e-06
8.94538 0.964725 -0.510475 2.23865e-12 -5.04 8.40001 -0.510476 -1.66918e-06
8.95373 0.973427 -0.510475 2.30083e-12 -5.04 8.40001 -0.510476 -1.67057e-06
8.96212 0.982133 -0.510475 2.33191e-12 -5.04 8.40001 -0.510476 -1.67195e-06
8.97055 0.990844 -0.510475 2.40252e-12 -5.04 8.40001 -0.510476 -1.67332e-06
8.97902 0.999557 -0.510475 2.45315e-12 -5.04 8.40001 -0.510476 -1.67469e-06
8.98752 1.00827 -0.510475 2.47313e-12 -5.04 8.40001 -0.510476 -1.67606e-06
8.99607 1.01699 -0.510475 2.44427e-12 -5.04 8.40001 -0.510476 -1.67741e-06
9.00465 1.02572 -0.510475 2.55351e-12 -5.04 8.40001 -0.510476 -1.67876e-06
9.01326 1.03444 -0.510475 2.55795e-12 -5.04 8.40001 -0.510476 -1.68011e-06
9.02192 1.04317 -0.510475 2.6521e-12 -5.04 8.40001 -0.510476 -1.68145e-06
9.0306 1.0519 -0.510475 2.58371e-12 -5.04 8.40001 -0.510476 -1.68278e-06
9.03932 1.06063 -0.510475 2.47535e-12 -5.04 8.40001 -0.510476 -1.68411e-06
9.04808 1.06937 -0.510475 2.52154e-12 -5.04 8.40001 -0.510476 -1.68543e-06
9.05686 1.0781 -0.510475 2.52909e-12 -5.04 8.40001 -0.510476 -1.68674e-06
9.06568 1.08684 -0.510475 2.53442e-12 -5.04 8.40001 -0.510476 -1.68805e-06
9.07453 1.09557 -0.510475 2.53442e-12 -5.04 8.40001 -0.510476 -1.68936e-06
9.08342 1.10431 -0.510475 2.62501e-12 -5.04 8.40001 -0.510476 -1.69065e-06
9.09233 1.11304 -0.510475 2.66098e-12 -5.04 8.40001 -0.510476 -1.69194e-06
9.10127 1.12178 -0.510475 2.63367e-12 -5.04 8.40001 -0.510476 -1.69323e-06
9.11024 1.13052 -0.510475 2.6088e-12 -5.04 8.40001 -0.510476 -1.69451e-06
9.11924 1.13925 -0.510475 2.60347e-12 -5.04 8.40001 -0.510476 -1.69578e-06
9.12827 1.14798 -0.510475 2.48512e-12 -5.04 8.40001 -0.510476 -1.69705e-06
9.13732 1.15672 -0.510475 2.46136e-12 -5.04 8.40001 -0.510476 -1.69831e-06
9.1464 1.16545 -0.510475 2.502e-12 -5.04 8.40001 -0.510476 -1.69957e-06
9.15551 1.17417 -0.510475 2.45515e-12 -5.04 8.40001 -0.510476 -1.70082e-06
9.16465 1.1829 -0.510475 2.4365e-12 -5.04 8.40001 -0.510476 -1.70207e-06
9.1738 1.19162 -0.510475 2.44893e-12 -5.04 8.40001 -0.510476 -1.7033e-06
9.18299 1.20034 -0.510475 2.44715e-12 -5.04 8.40001 -0.510476 -1.70454e-06
9.19219 1.20906 -0.510475 2.47979e-12 -5.04 8.40001 -0.510476 -1.70577e-06
9.20142 1.21777 -0.510475 2.48335e-12 -5.04 8.40001 -0.510476 -1.70699e-06
9.21067 1.22648 -0.510475 2.21756e-12 -5.04 8.40001 -0.510476 -1.7082e-06
9.21995 1.23518 -0.510475 2.14762e-12 -5.04 8.40001 -0.510476 -1.70941e-06
9.22924 1.24388 -0.510475 2.14961e-12 -5.04 8.40001 -0.510476 -1.71062e-06
9.23856 1.25258 -0.510475 2.18381e-12 -5.04 8.40001 -0.510476 -1.71182e-06
9.2479 1.26127 -0.510475 2.19136e-12 -5.04 8.40001 -0.510476 -1.71301e-06
9.25725 1.26995 -0.510475 2.23244e-12 -5.04 8.40001 -0.510476 -1.7142e-06
9.26663 1.27863 -0.510475 2.1998e-12 -5.04 8.40001 -0.510476 -1.71538e-06
9.27602 1.2873 -0.510475 2.18425e-12 -5.04 8.40001 -0.510476 -1.71656e-06
9.28543 1.29596 -0.510475 2.18003e-12 -5.04 8.40001 -0.510476 -1.71773e-06
9.29486 1.30462 -0.510475 2.1505e-12 -5.04 8.40001 -0.510476 -1.7189e-06
9.3043 1.31327 -0.510475 2.16027e-12 -5.04 8.40001 -0.510476 -1.72006e-06
9.31376 1.32191 -0.510475 2.28506e-12 -5.04 8.40001 -0.510476 -1.72122e-06
9.32324 1.33055 -0.510475 2.32081e-12 -5.04 8.40001 -0.510476 -1.72237e-06
9.33273 1.33918 -0.510475 2.34501e-12 -5.04 8.40001 -0.510476 -1.72351e-06
9.34224 1.34779 -0.510475 2.30749e-12 -5.04 8.40001 -0.510476 -1.72465e-06
9.35176 1.3564 -0.510475 2.35767e-12 -5.04 8.40001 -0.510476 -1.72578e-06
9.36129 1.365 -0.510475 2.36522e-12 -5.04 8.40001 -0.510476 -1.72691e-06
9.37084 1.37359 -0.510475 2.35101e-12 -5.04 8.40001 -0.510476 -1.72804e-06
9.38039 1.38217 -0.510475 2.30971e-12 -5.04 8.40001 -0.510476 -1.72916e-06
9.38996 1.39074 -0.510475 2.31082e-12 -5.04 8.40001 -0.510476 -1.73027e-06
9.39954 1.3993 -0.510475 2.35567e-12 -5.04 8.40001 -0.510476 -1.73138e-06
9.40913 1.40785 -0.510475 2.40363e-12 -5.04 8.40001 -0.510476 -1.73248e-06
9.41874 1.41639 -0.510475 2.35811e-12 -5.04 8.40001 -0.510476 -1.73358e-06
9.42835 1.42491 -0.510475 2.35989e-12 -5.04 8.40001 -0.510476 -1.73467e-06
9.43797 1.43342 -0.510475 2.34412e-12 -5.04 8.40001 -0.510476 -1.73576e-06
9.44759 1.44193 -0.510475 2.36189e-12 -5.04 8.40001 -0.510476 -1.73684e-06
9.45723 1.45041 -0.510475 2.30904e-12 -5.04 8.40001 -0.510476 -1.73792e-06
9.46687 1.45889 -0.510475 2.30305e-12 -5.04 8.40001 -0.510476 -1.73899e-06
9.47652 1.46735 -0.510475 2.33991e-12 -5.04 8.40001 -0.510476 -1.74006e-06
9.48618 1.4758 -0.510475 2.35001e-12 -5.04 8.40001 -0.510476 -1.74112e-06
9.49584 1.48424 -0.510475 2.38709e-12 -5.04 8.40001 -0.510476 -1.74218e-06
9.50551 1.49266 -0.510475 2.39742e-12 -5.04 8.40001 -0.510476 -1.74323e-06
9.51518 1.50107 -0.510475 2.38243e-12 -5.04 8.40001 -0.510476 -1.74428e-06
9.52485 1.50947 -0.510475 2.39675e-12 -5.04 8.40001 -0.510476 -1.74532e-06
9.53453 1.51784 -0.510475 2.3862e-12 -5.04 8.40001 -0.510476 -1.74636e-06
9.54422 1.52621 -0.510475 2.41351e-12 -5.04 8.40001 -0.510476 -1.74739e-06
9.5539 1.53456 -0.510475 2.42995e-12 -5.04 8.40001 -0.510476 -1.74842e-06
9.56359 1.54289 -0.510475 2.38709e-12 -5.04 8.40001 -0.510476 -1.74944e-06
9.57328 1.55121 -0.510475 2.3731e-12 -5.04 8.40001 -0.510476 -1.75046e-06
9.58297 1.55951 -0.510475 2.35878e-12 -5.04 8.40001 -0.510476 -1.75148e-06
9.59266 1.56779 -0.510475 2.41052e-12 -5.04 8.40001 -0.510476 -1.75249e-06
9.60235 1.57606 -0.510475 2.43583e-12 -5.04 8.40001 -0.510476 -1.75349e-06
9.61204 1.58431 -0.510475 2.42584e-12 -5.04 8.40001 -0.510476 -1.75449e-06
9.62173 1.59255 -0.510475 2.44016e-12 -5.04 8.40001 -0.510476 -1.75549e-06
9.63142 1.60076 -0.510475 2.44615e-12 -5.04 8.40001 -0.510476 -1.75648e-06
9.6411 1.60896 -0.510475 2.4451e-12 -5.04 8.40001 -0.510476 -1.75747e-06
9.65079 1.61714 -0.510475 2.45021e-12 -5.04 8.40001 -0.510476 -1.75845e-06
9.66047 1.62531 -0.510475 2.43056e-12 -5.04 8.40001 -0.510476 -1.75943e-06
9.67015 1.63345 -0.510475 2.43816e-12 -5.04 8.40001 -0.510476 -1.7604e-06
9.67983 1.64158 -0.510475 2.43777e-12 -5.04 8.40001 -0.510476 -1.76137e-06
9.6895 1.64969 -0.510475 2.42545e-12 -5.04 8.40001 -0.510476 -1.76234e-06
9.69916 1.65778 -0.510475 2.42778e-12 -5.04 8.40001 -0.510476 -1.7633e-06
9.70882 1.66585 -0.510475 2.43461e-12 -5.04 8.40001 -0.510476 -1.76425e-06
9.71848 1.6739 -0.510475 2.43006e-12 -5.04 8.40001 -0.510476 -1.76521e-06
9.72813 1.68193 -0.510475 2.42661e-12 -5.04 8.40001 -0.510476 -1.76615e-06
9.73777 1.68994 -0.510475 2.42265e-12 -5.04 8.40001 -0.510476 -1.7671e-06
9.74741 1.69793 -0.510475 2.4051e-12 -5.04 8.40001 -0.510476 -1.76804e-06
9.75704 1.7059 -0.510475 2.4048e-12 -5.04 8.40001 -0.510476 -1.76897e-06
9.76666 1.71386 -0.510475 2.40045e-12 -5.04 8.40001 -0.510476 -1.7699e-06
9.77628 1.72179 -0.510475 2.40215e-12 -5.04 8.40001 -0.510476 -1.77083e-06
9.78588 1.7297 -0.510475 2.40048e-12 -5.04 8.40001 -0.510476 -1.77175e-06
9.79548 1.73759 -0.510475 2.39973e-12 -5.04 8.40001 -0.510476 -1.77267e-06
9.80507 1.74546 -0.510475 2.4002e-12 -5.04 8.40001 -0.510476 -1.77359e-06
9.81464 1.7533 -0.510475 2.39259e-12 -5.04 8.40001 -0.510476 -1.7745e-06
9.82421 1.76113 -0.510475 2.39045e-12 -5.04 8.40001 -0.510476 -1.7754e-06
9.83376 1.76894 -0.510475 2.38619e-12 -5.04 8.40001 -0.510476 -1.77631e-06
9.84331 1.77672 -0.510475 2.38964e-12 -5.04 8.40001 -0.510476 -1.77721e-06
9.85284 1.78448 -0.510475 2.38182e-12 -5.04 8.40001 -0.510476 -1.7781e-06
9.86236 1.79222 -0.510475 2.37485e-12 -5.04 8.40001 -0.510476 -1.77899e-06
9.87187 1.79994 -0.510475 2.37205e-12 -5.04 8.40001 -0.510476 -1.77988e-06
9.88137 1.80764 -0.510475 2.36877e-12 -5.04 8.40001 -0.510476 -1.78076e-06
9.89085 1.81532 -0.510475 2.37094e-12 -5.04 8.40001 -0.510476 -1.78164e-06
9.90032 1.82297 -0.510475 2.36422e-12 -5.04 8.40001 -0.510476 -1.78252e-06
9.90978 1.8306 -0.510475 2.3635e-12 -5.04 8.40001 -0.510476 -1.78339e-06
9.91922 1.83821 -0.510475 2.37071e-12 -5.04 8.40001 -0.510476 -1.78426e-06
9.92865 1.8458 -0.510475 2.37144e-12 -5.04 8.40001 -0.510476 -1.78513e-06
9.93806 1.85336 -0.510475 2.36783e-12 -5.04 8.40001 -0.510476 -1.78599e-06
9.94746 1.8609 -0.510475 2.36144e-12 -5.04 8.40001 -0.510476 -1.78685e-06
9.95684 1.86842 -0.510475 2.39481e-12 -5.04 8.40001 -0.510476 -1.7877e-06
9.9662 1.87592 -0.510475 2.39908e-12 -5.04 8.40001 -0.510476 -1.78855e-06
9.97555 1.88339 -0.510475 2.38098e-12 -5.04 8.40001 -0.510476 -1.7894e-06
9.98488 1.89084 -0.510475 2.38276e-12 -5.04 8.40001 -0.510476 -1.79024e-06
9.99419 1.89827 -0.510475 2.38898e-12 -5.04 8.40001 -0.510476 -1.79108e-06
10.0035 1.90567 -0.510475 2.40075e-12 -5.04 8.40001 -0.510476 -1.79192e-06
10.0128 1.91305 -0.510475 2.40896e-12 -5.04 8.40001 -0.510476 -1.79275e-06
10.022 1.92041 -0.510475 2.40208e-12 -5.04 8.40001 -0.510476 -1.79358e-06
10.0313 1.92775 -0.510475 2.42906e-12 -5.04 8.40001 -0.510476 -1.79441e-06
10.0405 1.93506 -0.510475 2.40508e-12 -5.04 8.40001 -0.510476 -1.79523e-06
10.0497 1.94235 -0.510475 2.42784e-12 -5.04 8.40001 -0.510476 -1.79605e-06
10.0589 1.94961 -0.510475 2.39953e-12 -5.04 8.40001 -0.510476 -1.79687e-06
10.068 1.95686 -0.510475 2.35467e-12 -5.04 8.40001 -0.510476 -1.79768e-06
10.0772 1.96408 -0.510475 2.35612e-12 -5.04 8.40001 -0.510476 -1.79849e-06
10.0863 1.97127 -0.510475 2.35101e-12 -5.04 8.40001 -0.510476 -1.79929e-06
10.0954 1.97845 -0.510475 2.35245e-12 -5.04 8.40001 -0.510476 -1.8001e-06
10.1045 1.9856 -0.510475 2.35345e-12 -5.04 8.40001 -0.510476 -1.8009e-06
10.1135 1.99272 -0.510475 2.35068e-12 -5.04 8.40001 -0.510476 -1.8017e-06
10.1226 1.99983 -0.510475 2.34779e-12 -5.04 8.40001 -0.510476 -1.80249e-06
10.1316 2.00691 -0.510475 2.35789e-12 -5.04 8.40001 -0.510476 -1.80328e-06
10.1406 2.01397 -0.510475 2.3227e-12 -5.04 8.40001 -0.510476 -1.80407e-06
10.1495 2.021 -0.510475 2.31259e-12 -5.04 8.40001 -0.510476 -1.80485e-06
10.1585 2.02801 -0.510475 2.28972e-12 -5.04 8.40001 -0.510476 -1.80563e-06
10.1674 2.035 -0.510475 2.37055e-12 -5.04 8.40001 -0.510476 -1.80641e-06
10.1763 2.04197 -0.510475 2.39098e-12 -5.04 8.40001 -0.510476 -1.80719e-06
10.1851 2.04891 -0.510475 2.38742e-12 -5.04 8.40001 -0.510476 -1.80796e-06
10.194 2.05583 -0.510475 2.40541e-12 -5.04 8.40001 -0.510476 -1.80873e-06
10.2028 2.06272 -0.510475 2.43516e-12 -5.04 8.40001 -0.510476 -1.8095e-06
10.2116 2.06959 -0.510475 2.42273e-12 -5.04 8.40001 -0.510476 -1.81026e-06
10.2204 2.07644 -0.510475 2.45559e-12 -5.04 8.40001 -0.510476 -1.81102e-06
10.2291 2.08327 -0.510475 2.49245e-12 -5.04 8.40001 -0.510476 -1.81178e-06
10.2378 2.09007 -0.510475 2.49845e-12 -5.04 8.40001 -0.510476 -1.81254e-06
10.2465 2.09686 -0.510475 2.40985e-12 -5.04 8.40001 -0.510476 -1.81329e-06
10.2552 2.10361 -0.510475 2.44071e-12 -5.04 8.40001 -0.510476 -1.81404e-06
10.2638 2.11035 -0.510475 2.46403e-12 -5.04 8.40001 -0.510476 -1.81478e-06
10.2724 2.11706 -0.510475 2.47646e-12 -5.04 8.40001 -0.510476 -1.81553e-06
10.281 2.12375 -0.510475 2.50133e-12 -5.04 8.40001 -0.510476 -1.81627e-06
10.2895 2.13042 -0.510475 2.54152e-12 -5.04 8.40001 -0.510476 -1.81701e-06
10.2981 2.13707 -0.510475 2.55751e-12 -5.04 8.40001 -0.510476 -1.81774e-06
10.3066 2.14369 -0.510475 2.57083e-12 -5.04 8.40001 -0.510476 -1.81848e-06
10.315 2.15029 -0.510475 2.57017e-12 -5.04 8.40001 -0.510476 -1.81921e-06
10.3235 2.15687 -0.510475 2.51243e-12 -5.04 8.40001 -0.510476 -1.81994e-06
10.3319 2.16343 -0.510475 2.46669e-12 -5.04 8.40001 -0.510476 -1.82066e-06
10.3402 2.16996 -0.510475 2.46847e-12 -5.04 8.40001 -0.510476 -1.82139e-06
10.3486 2.17647 -0.510475 2.46803e-12 -5.04 8.40001 -0.510476 -1.82211e-06
10.3569 2.18296 -0.510475 2.53753e-12 -5.04 8.40001 -0.510476 -1.82282e-06
10.3652 2.18943 -0.510475 2.55329e-12 -5.04 8.40001 -0.510476 -1.82354e-06
10.3735 2.19588 -0.510475 2.506e-12 -5.04 8.40001 -0.510476 -1.82425e-06
10.3817 2.2023 -0.510475 2.56684e-12 -5.04 8.40001 -0.510476 -1.82496e-06
10.3899 2.20871 -0.510475 2.56217e-12 -5.04 8.40001 -0.510476 -1.82567e-06
10.398 2.21509 -0.510475 2.52398e-12 -5.04 8.40001 -0.510476 -1.82638e-06
10.4062 2.22145 -0.510475 2.52931e-12 -5.04 8.40001 -0.510476 -1.82708e-06
10.4143 2.22779 -0.510475 2.53375e-12 -5.04 8.40001 -0.510476 -1.82778e-06
10.4223 2.23411 -0.510475 2.53997e-12 -5.04 8.40001 -0.510476 -1.82848e-06
10.4304 2.24041 -0.510475 2.5373e-12 -5.04 8.40001 -0.510476 -1.82918e-06
10.4384 2.24668 -0.510475 2.63189e-12 -5.04 8.40001 -0.510476 -1.82987e-06
10.4463 2.25294 -0.510475 2.64011e-12 -5.04 8.40001 -0.510476 -1.83056e-06
10.4543 2.25917 -0.510475 2.63256e-12 -5.04 8.40001 -0.510476 -1.83125e-06
10.4622 2.26539 -0.510475 2.60725e-12 -5.04 8.40001 -0.510476 -1.83194e-06
10.47 2.27158 -0.510475 2.6128e-12 -5.04 8.40001 -0.510476 -1.83262e-06
10.4779 2.27775 -0.510475 2.54374e-12 -5.04 8.40001 -0.510476 -1.83331e-06
10.4857 2.2839 -0.510475 2.56128e-12 -5.04 8.40001 -0.510476 -1.83399e-06
10.4934 2.29004 -0.510475 2.57194e-12 -5.04 8.40001 -0.510476 -1.83466e-06
10.5012 2.29615 -0.510475 2.6037e-12 -5.04 8.40001 -0.510476 -1.83534e-06
10.5089 2.30224 -0.510475 2.67009e-12 -5.04 8.40001 -0.510476 -1.83601e-06
10.5165 2.30831 -0.510475 2.67941e-12 -5.04 8.40001 -0.510476 -1.83669e-06
10.5242 2.31436 -0.510475 2.6632e-12 -5.04 8.40001 -0.510476 -1.83736e-06
10.5318 2.3204 -0.510475 2.66209e-12 -5.04 8.40001 -0.510476 -1.83802e-06
10.5393 2.32641 -0.510475 2.6481e-12 -5.04 8.40001 -0.510476 -1.83869e-06
10.5468 2.3324 -0.510475 2.60347e-12 -5.04 8.40001 -0.510476 -1.83935e-06
10.5543 2.33838 -0.510475 2.58482e-12 -5.04 8.40001 -0.510476 -1.84001e-06
10.5618 2.34433 -0.510475 2.56306e-12 -5.04 8.40001 -0.510476 -1.84067e-06
10.5692 2.35027 -0.510475 2.52576e-12 -5.04 8.40001 -0.510476 -1.84133e-06
10.5766 2.35618 -0.510475 2.5433e-12 -5.04 8.40001 -0.510476 -1.84199e-06
10.5839 2.36208 -0.510475 2.53553e-12 -5.04 8.40001 -0.510476 -1.84264e-06
10.5912 2.36796 -0.510475 2.55773e-12 -5.04 8.40001 -0.510476 -1.84329e-06
10.5985 2.37382 -0.510475 2.55684e-12 -5.04 8.40001 -0.510476 -1.84394e-06
10.6057 2.37966 -0.510475 2.55507e-12 -5.04 8.40001 -0.510476 -1.84459e-06
10.6129 2.38549 -0.510475 2.48046e-12 -5.04 8.40001 -0.510476 -1.84524e-06
10.62 2.39129 -0.510475 2.46625e-12 -5.04 8.40001 -0.510476 -1.84588e-06
10.6271 2.39708 -0.510475 2.46669e-12 -5.04 8.40001 -0.510476 -1.84652e-06
10.6342 2.40285 -0.510475 2.43583e-12 -5.04 8.40001 -0.510476 -1.84716e-06
10.6412 2.4086 -0.510475 2.42073e-12 -5.04 8.40001 -0.510476 -1.8478e-06
10.6482 2.41433 -0.510475 2.44493e-12 -5.04 8.40001 -0.510476 -1.84844e-06
10.6552 2.42005 -0.510475 2.43916e-12 -5.04 8.40001 -0.510476 -1.84907e-06
10.6621 2.42575 -0.510475 2.4758e-12 -5.04 8.40001 -0.510476 -1.84971e-06
10.669 2.43143 -0.510475 2.50555e-12 -5.04 8.40001 -0.510476 -1.85034e-06
10.6759 2.43709 -0.510475 2.46736e-12 -5.04 8.40001 -0.510476 -1.85097e-06
10.6827 2.44274 -0.510475 2.4869e-12 -5.04 8.40001 -0.510476 -1.8516e-06
10.6894 2.44837 -0.510475 2.48734e-12 -5.04 8.40001 -0.510476 -1.85222e-06
10.6961 2.45398 -0.510475 2.41118e-12 -5.04 8.40001 -0.510476 -1.85285e-06
10.7028 2.45958 -0.510475 2.36189e-12 -5.04 8.40001 -0.510476 -1.85347e-06
10.7095 2.46516 -0.510475 2.35012e-12 -5.04 8.40001 -0.510476 -1.85409e-06
10.7161 2.47072 -0.510475 2.35478e-12 -5.04 8.40001 -0.510476 -1.85471e-06
10.7226 2.47627 -0.510475 2.32192e-12 -5.04 8.40001 -0.510476 -1.85533e-06
10.7292 2.4818 -0.510475 2.31992e-12 -5.04 8.40001 -0.510476 -1.85594e-06
10.7356 2.48731 -0.510475 2.3701e-12 -5.04 8.40001 -0.510476 -1.85656e-06
10.7421 2.49281 -0.510475 2.3983e-12 -5.04 8.40001 -0.510476 -1.85717e-06
10.7485 2.4983 -0.510475 2.45626e-12 -5.04 8.40001 -0.510476 -1.85778e-06
10.7548 2.50376 -0.510475 2.4134e-12 -5.04 8.40001 -0.510476 -1.85839e-06
10.7611 2.50921 -0.510475 2.44138e-12 -5.04 8.40001 -0.510476 -1.859e-06
10.7674 2.51465 -0.510475 2.45537e-12 -5.04 8.40001 -0.510476 -1.85961e-06
10.7737 2.52007 -0.510475 2.49845e-12 -5.04 8.40001 -0.510476 -1.86022e-06
10.7798 2.52548 -0.510475 2.48468e-12 -5.04 8.40001 -0.510476 -1.86082e-06
10.786 2.53087 -0.510475 2.50933e-12 -5.04 8.40001 -0.510476 -1.86142e-06
10.7921 2.53624 -0.510475 2.50444e-12 -5.04 8.40001 -0.510476 -1.86202e-06
10.7982 2.54161 -0.510475 2.41296e-12 -5.04 8.40001 -0.510476 -1.86262e-06
10.8042 2.54695 -0.510475 2.40297e-12 -5.04 8.40001 -0.510476 -1.86322e-06
10.8102 2.55228 -0.510475 2.40785e-12 -5.04 8.40001 -0.510476 -1.86382e-06
10.8161 2.5576 -0.510475 2.39919e-12 -5.04 8.40001 -0.510476 -1.86441e-06
10.822 2.56291 -0.510475 2.39231e-12 -5.04 8.40001 -0.510476 -1.86501e-06
10.8279 2.5682 -0.510475 2.37765e-12 -5.04 8.40001 -0.510476 -1.8656e-06
10.8337 2.57347 -0.510475 2.26374e-12 -5.04 8.40001 -0.510476 -1.86619e-06
10.8394 2.57873 -0.510475 2.29483e-12 -5.04 8.40001 -0.510476 -1.86678e-06
10.8452 2.58398 -0.510475 2.29083e-12 -5.04 8.40001 -0.510476 -1.86737e-06
10.8508 2.58922 -0.510475 2.26086e-12 -5.04 8.40001 -0.510476 -1.86796e-06
10.8565 2.59444 -0.510475 2.25131e-12 -5.04 8.40001 -0.510476 -1.86855e-06
10.8621 2.59964 -0.510475 2.28573e-12 -5.04 8.40001 -0.510476 -1.86913e-06
10.8676 2.60484 -0.510475 2.21201e-12 -5.04 8.40001 -0.510476 -1.86971e-06
10.8731 2.61002 -0.510475 2.22888e-12 -5.04 8.40001 -0.510476 -1.8703e-06
10.8786 2.61519 -0.510475 2.21623e-12 -5.04 8.40001 -0.510476 -1.87088e-06
10.884 2.62034 -0.510475 2.22133e-12 -5.04 8.40001 -0.510476 -1.87146e-06
10.8893 2.62549 -0.510475 2.13074e-12 -5.04 8.40001 -0.510476 -1.87204e-06
10.8947 2.63062 -0.510475 2.08833e-12 -5.04 8.40001 -0.510476 -1.87261e-06
10.9 2.63574 -0.510475 2.07012e-12 -5.04 8.40001 -0.510476 -1.87319e-06
10.9052 2.64084 -0.510475 2.08344e-12 -5.04 8.40001 -0.510476 -1.87377e-06
10.9104 2.64593 -0.510475 2.07923e-12 -5.04 8.40001 -0.510476 -1.87434e-06
10.9155 2.65102 -0.510475 2.05169e-12 -5.04 8.40001 -0.510476 -1.87491e-06
10.9206 2.65609 -0.510475 1.9178e-12 -5.04 8.40001 -0.510476 -1.87548e-06
10.9257 2.66114 -0.510475 1.86695e-12 -5.04 8.40001 -0.510476 -1.87605e-06
10.9307 2.66619 -0.510475 1.86584e-12 -5.04 8.40001 -0.510476 -1.87662e-06
10.9357 2.67122 -0.510475 1.81144e-12 -5.04 8.40001 -0.510476 -1.87719e-06
10.9406 2.67625 -0.510475 1.81744e-12 -5.04 8.40001 -0.510476 -1.87776e-06
10.9455 2.68126 -0.510475 1.90847e-12 -5.04 8.40001 -0.510476 -1.87833e-06
10.9503 2.68626 -0.510475 1.90337e-12 -5.04 8.40001 -0.510476 -1.87889e-06
10.9551 2.69125 -0.510475 1.90026e-12 -5.04 8.40001 -0.510476 -1.87945e-06
10.9598 2.69623 -0.510475 1.95644e-12 -5.04 8.40001 -0.510476 -1.88002e-06
10.9645 2.7012 -0.510475 1.96132e-12 -5.04 8.40001 -0.510476 -1.88058e-06
10.9691 2.70616 -0.510475 1.96398e-12 -5.04 8.40001 -0.510476 -1.88114e-06
10.9737 2.7111 -0.510475 2.01172e-12 -5.04 8.40001 -0.510476 -1.8817e-06
10.9783 2.71604 -0.510475 1.96421e-12 -5.04 8.40001 -0.510476 -1.88226e-06
10.9828 2.72097 -0.510475 1.96021e-12 -5.04 8.40001 -0.510476 -1.88282e-06
10.9873 2.72588 -0.510475 1.95177e-12 -5.04 8.40001 -0.510476 -1.88338e-06
10.9917 2.73079 -0.510475 2.0024e-12 -5.04 8.40001 -0.510476 -1.88393e-06
10.996 2.73568 -0.510475 2.0155e-12 -5.04 8.40001 -0.510476 -1.88449e-06
11.0004 2.74057 -0.510475 1.96598e-12 -5.04 8.40001 -0.510476 -1.88504e-06
11.0046 2.74545 -0.510475 1.93512e-12 -5.04 8.40001 -0.510476 -1.8856e-06
11.0088 2.75032 -0.510475 1.90159e-12 -5.04 8.40001 -0.510476 -1.88615e-06
11.013 2.75517 -0.510475 1.88116e-12 -5.04 8.40001 -0.510476 -1.8867e-06
11.0172 2.76002 -0.510475 1.81677e-12 -5.04 8.40001 -0.510476 -1.88725e-06
11.0212 2.76486 -0.510475 1.7919e-12 -5.04 8.40001 -0.510476 -1.8878e-06
11.0253 2.76969 -0.510475 1.69487e-12 -5.04 8.40001 -0.510476 -1.88835e-06
11.0293 2.77451 -0.510475 1.72684e-12 -5.04 8.40001 -0.510476 -1.8889e-06
11.0332 2.77933 -0.510475 1.69886e-12 -5.04 8.40001 -0.510476 -1.88944e-06
11.0371 2.78413 -0.510475 1.64868e-12 -5.04 8.40001 -0.510476 -1.88999e-06
11.0409 2.78892 -0.510475 1.66711e-12 -5.04 8.40001 -0.510476 -1.89054e-06
11.0447 2.79371 -0.510475 1.64557e-12 -5.04 8.40001 -0.510476 -1.89108e-06
11.0485 2.79849 -0.510475 1.67266e-12 -5.04 8.40001 -0.510476 -1.89163e-06
11.0522 2.80326 -0.510475 1.69287e-12 -5.04 8.40001 -0.510476 -1.89217e-06
11.0559 2.80802 -0.510475 1.71063e-12 -5.04 8.40001 -0.510476 -1.89271e-06
11.0595 2.81278 -0.510475 1.73395e-12 -5.04 8.40001 -0.510476 -1.89326e-06
11.063 2.81752 -0.510475 1.75326e-12 -5.04 8.40001 -0.510476 -1.8938e-06
11.0665 2.82226 -0.510475 1.7526e-12 -5.04 8.40001 -0.510476 -1.89434e-06
11.07 2.82699 -0.510475 1.72196e-12 -5.04 8.40001 -0.510476 -1.89488e-06
11.0734 2.83172 -0.510475 1.71996e-12 -5.04 8.40001 -0.510476 -1.89542e-06
11.0768 2.83643 -0.510475 1.70131e-12 -5.04 8.40001 -0.510476 -1.89595e-06
11.0801 2.84114 -0.510475 1.73883e-12 -5.04 8.40001 -0.510476 -1.89649e-06
11.0834 2.84584 -0.510475 1.72951e-12 -5.04 8.40001 -0.510476 -1.89703e-06
11.0866 2.85054 -0.510475 1.69598e-12 -5.04 8.40001 -0.510476 -1.89757e-06
11.0898 2.85523 -0.510475 1.67244e-12 -5.04 8.40001 -0.510476 -1.8981e-06
11.0929 2.85991 -0.510475 1.62825e-12 -5.04 8.40001 -0.510476 -1.89864e-06
11.0959 2.86458 -0.510475 1.65135e-12 -5.04 8.40001 -0.510476 -1.89917e-06
11.099 2.86925 -0.510475 1.68443e-12 -5.04 8.40001 -0.510476 -1.8997e-06
11.102 2.87391 -0.510475 1.69975e-12 -5.04 8.40001 -0.510476 -1.90024e-06
11.1049 2.87856 -0.510475 1.69953e-12 -5.04 8.40001 -0.510476 -1.90077e-06
11.1078 2.88321 -0.510475 1.65801e-12 -5.04 8.40001 -0.510476 -1.9013e-06
11.1106 2.88786 -0.510475 1.65779e-12 -5.04 8.40001 -0.510476 -1.90183e-06
11.1134 2.89249 -0.510475 1.65246e-12 -5.04 8.40001 -0.510476 -1.90237e-06
11.1161 2.89712 -0.510475 1.65312e-12 -5.04 8.40001 -0.510476 -1.9029e-06
11.1188 2.90175 -0.510475 1.66933e-12 -5.04 8.40001 -0.510476 -1.90343e-06
11.1214 2.90637 -0.510475 1.66178e-12 -5.04 8.40001 -0.510476 -1.90396e-06
11.124 2.91098 -0.510475 1.64602e-12 -5.04 8.40001 -0.510476 -1.90448e-06
11.1265 2.91559 -0.510475 1.6227e-12 -5.04 8.40001 -0.510476 -1.90501e-06
11.129 2.92019 -0.510475 1.60094e-12 -5.04 8.40001 -0.510476 -1.90554e-06
11.1315 2.92479 -0.510475 1.67422e-12 -5.04 8.40001 -0.510476 -1.90607e-06
11.1338 2.92938 -0.510475 1.67555e-12 -5.04 8.40001 -0.510476 -1.90659e-06
11.1362 2.93397 -0.510475 1.70053e-12 -5.04 8.40001 -0.510476 -1.90712e-06
11.1385 2.93855 -0.510475 1.70186e-12 -5.04 8.40001 -0.510476 -1.90765e-06
11.1407 2.94313 -0.510475 1.71718e-12 -5.04 8.40001 -0.510476 -1.90817e-06
11.1429 2.9477 -0.510475 1.71807e-12 -5.04 8.40001 -0.510476 -1.9087e-06
11.145 2.95227 -0.510475 1.73828e-12 -5.04 8.40001 -0.510476 -1.90922e-06
11.1471 2.95683 -0.510475 1.69142e-12 -5.04 8.40001 -0.510476 -1.90975e-06
11.1492 2.96139 -0.510475 1.69431e-12 -5.04 8.40001 -0.510476 -1.91027e-06
11.1511 2.96595 -0.510475 1.71541e-12 -5.04 8.40001 -0.510476 -1.91079e-06
11.1531 2.9705 -0.510475 1.71763e-12 -5.04 8.40001 -0.510476 -1.91132e-06
11.155 2.97504 -0.510475 1.69686e-12 -5.04 8.40001 -0.510476 -1.91184e-06
11.1568 2.97959 -0.510475 1.68465e-12 -5.04 8.40001 -0.510476 -1.91236e-06
11.1586 2.98413 -0.510475 1.68909e-12 -5.04 8.40001 -0.510476 -1.91288e-06
11.1603 2.98866 -0.510475 1.68288e-12 -5.04 8.40001 -0.510476 -1.91341e-06
11.162 2.99319 -0.510475 1.67177e-12 -5.04 8.40001 -0.510476 -1.91393e-06
11.1637 2.99772 -0.510475 1.66189e-12 -5.04 8.40001 -0.510476 -1.91445e-06
11.1653 3.00225 -0.510475 1.65312e-12 -5.04 8.40001 -0.510476 -1.91497e-06
11.1668 3.00677 -0.510475 1.65978e-12 -5.04 8.40001 -0.510476 -1.91549e-06
11.1683 3.01129 -0.510475 1.65645e-12 -5.04 8.40001 -0.510476 -1.91601e-06
11.1697 3.0158 -0.510475 1.66012e-12 -5.04 8.40001 -0.510476 -1.91653e-06
11.1711 3.02031 -0.510475 1.63436e-12 -5.04 8.40001 -0.510476 -1.91705e-06
11.1725 3.02482 -0.510475 1.64724e-12 -5.04 8.40001 -0.510476 -1.91757e-06
11.1737 3.02933 -0.510475 1.65179e-12 -5.04 8.40001 -0.510476 -1.91809e-06
11.175 3.03383 -0.510475 1.65967e-12 -5.04 8.40001 -0.510476 -1.91861e-06
11.1762 3.03834 -0.510475 1.66678e-12 -5.04 8.40001 -0.510476 -1.91912e-06
11.1773 3.04284 -0.510475 1.64513e-12 -5.04 8.40001 -0.510476 -1.91964e-06
11.1784 3.04733 -0.510475 1.64502e-12 -5.04 8.40001 -0.510476 -1.92016e-06
11.1794 3.05183 -0.510475 1.64535e-12 -5.04 8.40001 -0.510476 -1.92068e-06
11.1804 3.05632 -0.510475 1.64341e-12 -5.04 8.40001 -0.510476 -1.9212e-06
11.1814 3.06081 -0.510475 1.64074e-12 -5.04 8.40001 -0.510476 -1.92171e-06
11.1822 3.0653 -0.510475 1.64047e-12 -5.04 8.40001 -0.510476 -1.92223e-06
11.1831 3.06979 -0.510475 1.63675e-12 -5.04 8.40001 -0.510476 -1.92275e-06
11.1839 3.07427 -0.510475 1.64141e-12 -5.04 8.40001 -0.510476 -1.92326e-06
11.1846 3.07876 -0.510475 1.64324e-12 -5.04 8.40001 -0.510476 -1.92378e-06
11.1853 3.08324 -0.510475 1.64257e-12 -5.04 8.40001 -0.510476 -1.9243e-06
11.1859 3.08772 -0.510475 1.64369e-12 -5.04 8.40001 -0.510476 -1.92481e-06
11.1865 3.0922 -0.510475 1.64382e-12 -5.04 8.40001 -0.510476 -1.92533e-06
11.187 3.09668 -0.510475 1.63586e-12 -5.04 8.40001 -0.510476 -1.92585e-06
11.1875 3.10115 -0.510475 1.62859e-12 -5.04 8.40001 -0.510476 -1.92636e-06
11.1879 3.10563 -0.510475 1.62731e-12 -5.04 8.40001 -0.510476 -1.92688e-06
11.1883 3.11011 -0.510475 1.6275e-12 -5.04 8.40001 -0.510476 -1.9274e-06
11.1887 3.11458 -0.510475 1.62698e-12 -5.04 8.40001 -0.510476 -1.92791e-06
11.1889 3.11906 -0.510475 1.62396e-12 -5.04 8.40001 -0.510476 -1.92843e-06
11.1892 3.12353 -0.510475 1.62255e-12 -5.04 8.40001 -0.510476 -1.92894e-06
11.1893 3.128 -0.510475 1.62516e-12 -5.04 8.40001 -0.510476 -1.92946e-06
11.1895 3.13248 -0.510475 1.62711e-12 -5.04 8.40001 -0.510476 -1.92998e-06
11.1895 3.13695 -0.510475 1.62754e-12 -5.04 8.40001 -0.510476 -1.93049e-06
11.1896 3.14142 -0.510475 1.6274e-12 -5.04 8.40001 -0.510476 -1.93101e-06
11.1896 -3.13729 -0.510475 1.6276e-12 -5.04 8.40001 -0.510476 -1.93152e-06
11.1895 -3.13282 -0.510475 1.62727e-12 -5.04 8.40001 -0.510476 -1.93204e-06
11.1894 -3.12835 -0.510475 1.62985e-12 -5.04 8.40001 -0.510476 -1.93256e-06
11.1892 -3.12387 -0.510475 1.63043e-12 -5.04 8.40001 -0.510476 -1.93307e-06
11.189 -3.1194 -0.510475 1.62845e-12 -5.04 8.40001 -0.510476 -1.93359e-06
11.1887 -3.11493 -0.510475 1.62587e-12 -5.04 8.40001 -0.510476 -1.9341e-06
11.1884 -3.11045 -0.510475 1.62503e-12 -5.04 8.40001 -0.510476 -1.93462e-06
11.188 -3.10597 -0.510475 1.62528e-12 -5.04 8.40001 -0.510476 -1.93514e-06
11.1875 -3.1015 -0.510475 1.63231e-12 -5.04 8.40001 -0.510476 -1.93565e-06
11.1871 -3.09702 -0.510475 1.62803e-12 -5.04 8.40001 -0.510476 -1.93617e-06
11.1865 -3.09254 -0.510475 1.62573e-12 -5.04 8.40001 -0.510476 -1.93668e-06
11.186 -3.08806 -0.510475 1.63125e-12 -5.04 8.40001 -0.510476 -1.9372e-06
11.1853 -3.08358 -0.510475 1.63414e-12 -5.04 8.40001 -0.510476 -1.93772e-06
11.1847 -3.0791 -0.510475 1.63841e-12 -5.04 8.40001 -0.510476 -1.93823e-06
11.1839 -3.07462 -0.510475 1.63947e-12 -5.04 8.40001 -0.510476 -1.93875e-06
11.1831 -3.07013 -0.510475 1.63203e-12 -5.04 8.40001 -0.510476 -1.93927e-06
11.1823 -3.06564 -0.510475 1.6257e-12 -5.04 8.40001 -0.510476 -1.93978e-06
11.1814 -3.06116 -0.510475 1.6151e-12 -5.04 8.40001 -0.510476 -1.9403e-06
11.1805 -3.05667 -0.510475 1.61349e-12 -5.04 8.40001 -0.510476 -1.94082e-06
11.1795 -3.05217 -0.510475 1.61138e-12 -5.04 8.40001 -0.510476 -1.94134e-06
11.1785 -3.04768 -0.510475 1.61887e-12 -5.04 8.40001 -0.510476 -1.94186e-06
11.1774 -3.04318 -0.510475 1.59062e-12 -5.04 8.40001 -0.510476 -1.94237e-06
11.1763 -3.03868 -0.510475 1.64113e-12 -5.04 8.40001 -0.510476 -1.94289e-06
11.1751 -3.03418 -0.510475 1.67144e-12 -5.04 8.40001 -0.510476 -1.94341e-06
11.1738 -3.02968 -0.510475 1.67788e-12 -5.04 8.40001 -0.510476 -1.94393e-06
11.1726 -3.02517 -0.510475 1.67844e-12 -5.04 8.40001 -0.510476 -1.94445e-06
11.1712 -3.02066 -0.510475 1.668e-12 -5.04 8.40001 -0.510476 -1.94497e-06
11.1698 -3.01615 -0.510475 1.66656e-12 -5.04 8.40001 -0.510476 -1.94549e-06
11.1684 -3.01163 -0.510475 1.66933e-12 -5.04 8.40001 -0.510476 -1.94601e-06
11.1669 -3.00712 -0.510475 1.66911e-12 -5.04 8.40001 -0.510476 -1.94653e-06
11.1654 -3.00259 -0.510475 1.67566e-12 -5.04 8.40001 -0.510476 -1.94705e-06
11.1638 -2.99807 -0.510475 1.69997e-12 -5.04 8.40001 -0.510476 -1.94757e-06
11.1622 -2.99354 -0.510475 1.70164e-12 -5.04 8.40001 -0.510476 -1.94809e-06
11.1605 -2.98901 -0.510475 1.73284e-12 -5.04 8.40001 -0.510476 -1.94861e-06
11.1587 -2.98447 -0.510475 1.74016e-12 -5.04 8.40001 -0.510476 -1.94913e-06
11.157 -2.97994 -0.510475 1.74549e-12 -5.04 8.40001 -0.510476 -1.94965e-06
11.1551 -2.97539 -0.510475 1.77347e-12 -5.04 8.40001 -0.510476 -1.95018e-06
11.1532 -2.97085 -0.510475 1.77725e-12 -5.04 8.40001 -0.510476 -1.9507e-06
11.1513 -2.9663 -0.510475 1.78269e-12 -5.04 8.40001 -0.510476 -1.95122e-06
11.1493 -2.96174 -0.510475 1.7486e-12 -5.04 8.40001 -0.510476 -1.95174e-06
11.1473 -2.95718 -0.510475 1.77025e-12 -5.04 8.40001 -0.510476 -1.95227e-06
11.1452 -2.95262 -0.510475 1.78013e-12 -5.04 8.40001 -0.510476 -1.95279e-06
11.1431 -2.94805 -0.510475 1.76026e-12 -5.04 8.40001 -0.510476 -1.95332e-06
11.1409 -2.94348 -0.510475 1.79223e-12 -5.04 8.40001 -0.510476 -1.95384e-06
11.1386 -2.9389 -0.510475 1.84364e-12 -5.04 8.40001 -0.510476 -1.95437e-06
11.1364 -2.93432 -0.510475 1.8413e-12 -5.04 8.40001 -0.510476 -1.95489e-06
11.134 -2.92973 -0.510475 1.84341e-12 -5.04 8.40001 -0.510476 -1.95542e-06
11.1316 -2.92514 -0.510475 1.86362e-12 -5.04 8.40001 -0.510476 -1.95595e-06
11.1292 -2.92054 -0.510475 1.91935e-12 -5.04 8.40001 -0.510476 -1.95647e-06
11.1267 -2.91594 -0.510475 1.90337e-12 -5.04 8.40001 -0.510476 -1.957e-06
11.1242 -2.91133 -0.510475 1.8896e-12 -5.04 8.40001 -0.510476 -1.95753e-06
11.1216 -2.90672 -0.510475 1.92757e-12 -5.04 8.40001 -0.510476 -1.95806e-06
11.119 -2.9021 -0.510475 1.9611e-12 -5.04 8.40001 -0.510476 -1.95859e-06
11.1163 -2.89748 -0.510475 1.94733e-12 -5.04 8.40001 -0.510476 -1.95912e-06
11.1136 -2.89285 -0.510475 1.94955e-12 -5.04 8.40001 -0.510476 -1.95965e-06
11.1108 -2.88821 -0.510475 1.88294e-12 -5.04 8.40001 -0.510476 -1.96018e-06
11.108 -2.88357 -0.510475 1.87383e-12 -5.04 8.40001 -0.510476 -1.96071e-06
11.1051 -2.87892 -0.510475 1.8856e-12 -5.04 8.40001 -0.510476 -1.96124e-06
11.1022 -2.87427 -0.510475 1.80744e-12 -5.04 8.40001 -0.510476 -1.96178e-06
11.0992 -2.86961 -0.510475 1.82143e-12 -5.04 8.40001 -0.510476 -1.96231e-06
11.0962 -2.86494 -0.510475 1.80744e-12 -5.04 8.40001 -0.510476 -1.96284e-06
11.0931 -2.86027 -0.510475 1.80123e-12 -5.04 8.40001 -0.510476 -1.96338e-06
11.09 -2.85559 -0.510475 1.84208e-12 -5.04 8.40001 -0.510476 -1.96391e-06
11.0868 -2.8509 -0.510475 1.81655e-12 -5.04 8.40001 -0.510476 -1.96445e-06
11.0836 -2.84621 -0.510475 1.84186e-12 -5.04 8.40001 -0.510476 -1.96498e-06
11.0803 -2.8415 -0.510475 1.84164e-12 -5.04 8.40001 -0.510476 -1.96552e-06
11.077 -2.8368 -0.510475 1.84963e-12 -5.04 8.40001 -0.510476 -1.96606e-06
11.0737 -2.83208 -0.510475 1.82232e-12 -5.04 8.40001 -0.510476 -1.9666e-06
11.0703 -2.82736 -0.510475 1.78146e-12 -5.04 8.40001 -0.510476 -1.96714e-06
11.0668 -2.82263 -0.510475 1.75104e-12 -5.04 8.40001 -0.510476 -1.96768e-06
11.0633 -2.81789 -0.510475 1.71174e-12 -5.04 8.40001 -0.510476 -1.96822e-06
11.0597 -2.81314 -0.510475 1.71907e-12 -5.04 8.40001 -0.510476 -1.96876e-06
11.0561 -2.80839 -0.510475 1.68199e-12 -5.04 8.40001 -0.510476 -1.9693e-06
11.0525 -2.80363 -0.510475 1.65734e-12 -5.04 8.40001 -0.510476 -1.96984e-06
11.0488 -2.79886 -0.510475 1.73417e-12 -5.04 8.40001 -0.510476 -1.97039e-06
11.045 -2.79408 -0.510475 1.72862e-12 -5.04 8.40001 -0.510476 -1.97093e-06
11.0412 -2.78929 -0.510475 1.63447e-12 -5.04 8.40001 -0.510476 -1.97148e-06
11.0374 -2.7845 -0.510475 1.62559e-12 -5.04 8.40001 -0.510476 -1.97202e-06
11.0335 -2.7797 -0.510475 1.63314e-12 -5.04 8.40001 -0.510476 -1.97257e-06
11.0296 -2.77488 -0.510475 1.63691e-12 -5.04 8.40001 -0.510476 -1.97312e-06
11.0256 -2.77006 -0.510475 1.61604e-12 -5.04 8.40001 -0.510476 -1.97366e-06
11.0216 -2.76523 -0.510475 1.48748e-12 -5.04 8.40001 -0.510476 -1.97421e-06
11.0175 -2.76039 -0.510475 1.47882e-12 -5.04 8.40001 -0.510476 -1.97476e-06
11.0133 -2.75555 -0.510475 1.56031e-12 -5.04 8.40001 -0.510476 -1.97531e-06
11.0092 -2.75069 -0.510475 1.5461e-12 -5.04 8.40001 -0.510476 -1.97587e-06
11.005 -2.74582 -0.510475 1.5723e-12 -5.04 8.40001 -0.510476 -1.97642e-06
11.0007 -2.74095 -0.510475 1.57052e-12 -5.04 8.40001 -0.510476 -1.97697e-06
10.9964 -2.73606 -0.510475 1.61626e-12 -5.04 8.40001 -0.510476 -1.97753e-06
10.992 -2.73116 -0.510475 1.63447e-12 -5.04 8.40001 -0.510476 -1.97808e-06
10.9876 -2.72626 -0.510475 1.67399e-12 -5.04 8.40001 -0.510476 -1.97864e-06
10.9831 -2.72134 -0.510475 1.6851e-12 -5.04 8.40001 -0.510476 -1.97919e-06
10.9786 -2.71642 -0.510475 1.71418e-12 -5.04 8.40001 -0.510476 -1.97975e-06
10.9741 -2.71148 -0.510475 1.79656e-12 -5.04 8.40001 -0.510476 -1.98031e-06
10.9695 -2.70654 -0.510475 1.78835e-12 -5.04 8.40001 -0.510476 -1.98087e-06
10.9649 -2.70158 -0.510475 1.90181e-12 -5.04 8.40001 -0.510476 -1.98143e-06
10.9602 -2.69661 -0.510475 1.87006e-12 -5.04 8.40001 -0.510476 -1.98199e-06
10.9554 -2.69163 -0.510475 1.93046e-12 -5.04 8.40001 -0.510476 -1.98256e-06
10.9507 -2.68664 -0.510475 1.90337e-12 -5.04 8.40001 -0.510476 -1.98312e-06
10.9458 -2.68164 -0.510475 1.9158e-12 -5.04 8.40001 -0.510476 -1.98369e-06
10.941 -2.67663 -0.510475 1.95066e-12 -5.04 8.40001 -0.510476 -1.98425e-06
10.936 -2.67161 -0.510475 2.00773e-12 -5.04 8.40001 -0.510476 -1.98482e-06
10.9311 -2.66658 -0.510475 2.08655e-12 -5.04 8.40001 -0.510476 -1.98539e-06
10.9261 -2.66153 -0.510475 2.13052e-12 -5.04 8.40001 -0.510476 -1.98596e-06
10.921 -2.65648 -0.510475 2.08189e-12 -5.04 8.40001 -0.510476 -1.98653e-06
10.9159 -2.65141 -0.510475 1.99196e-12 -5.04 8.40001 -0.510476 -1.9871e-06
10.9108 -2.64633 -0.510475 2.14762e-12 -5.04 8.40001 -0.510476 -1.98767e-06
10.9056 -2.64123 -0.510475 2.12075e-12 -5.04 8.40001 -0.510476 -1.98825e-06
10.9004 -2.63613 -0.510475 2.12808e-12 -5.04 8.40001 -0.510476 -1.98882e-06
10.8951 -2.63101 -0.510475 2.16649e-12 -5.04 8.40001 -0.510476 -1.9894e-06
10.8898 -2.62588 -0.510475 2.1978e-12 -5.04 8.40001 -0.510476 -1.98997e-06
10.8844 -2.62074 -0.510475 2.24132e-12 -5.04 8.40001 -0.510476 -1.99055e-06
10.879 -2.61559 -0.510475 2.26863e-12 -5.04 8.40001 -0.510476 -1.99113e-06
10.8735 -2.61042 -0.510475 2.20735e-12 -5.04 8.40001 -0.510476 -1.99171e-06
10.868 -2.60524 -0.510475 2.23399e-12 -5.04 8.40001 -0.510476 -1.9923e-06
10.8625 -2.60004 -0.510475 2.2975e-12 -5.04 8.40001 -0.510476 -1.99288e-06
10.8569 -2.59484 -0.510475 2.27707e-12 -5.04 8.40001 -0.510476 -1.99346e-06
10.8513 -2.58962 -0.510475 2.26152e-12 -5.04 8.40001 -0.510476 -1.99405e-06
10.8456 -2.58438 -0.510475 2.27063e-12 -5.04 8.40001 -0.510476 -1.99464e-06
10.8399 -2.57914 -0.510475 2.23599e-12 -5.04 8.40001 -0.510476 -1.99523e-06
10.8341 -2.57388 -0.510475 2.22933e-12 -5.04 8.40001 -0.510476 -1.99582e-06
10.8283 -2.5686 -0.510475 2.13252e-12 -5.04 8.40001 -0.510476 -1.99641e-06
10.8225 -2.56331 -0.510475 2.12563e-12 -5.04 8.40001 -0.510476 -1.997e-06
10.8166 -2.55801 -0.510475 2.14295e-12 -5.04 8.40001 -0.510476 -1.99759e-06
10.8106 -2.55269 -0.510475 2.13407e-12 -5.04 8.40001 -0.510476 -1.99819e-06
10.8047 -2.54736 -0.510475 2.14762e-12 -5.04 8.40001 -0.510476 -1.99879e-06
10.7986 -2.54202 -0.510475 2.16693e-12 -5.04 8.40001 -0.510476 -1.99939e-06
10.7926 -2.53666 -0.510475 2.22489e-12 -5.04 8.40001 -0.510476 -1.99998e-06
10.7865 -2.53128 -0.510475 2.23443e-12 -5.04 8.40001 -0.510476 -2.00059e-06
10.7803 -2.52589 -0.510475 2.24976e-12 -5.04 8.40001 -0.510476 -2.00119e-06
10.7741 -2.52049 -0.510475 2.23532e-12 -5.04 8.40001 -0.510476 -2.00179e-06
10.7679 -2.51507 -0.510475 2.20535e-12 -5.04 8.40001 -0.510476 -2.0024e-06
10.7616 -2.50963 -0.510475 2.07945e-12 -5.04 8.40001 -0.510476 -2.00301e-06
10.7553 -2.50418 -0.510475 2.12363e-12 -5.04 8.40001 -0.510476 -2.00361e-06
10.749 -2.49872 -0.510475 2.12563e-12 -5.04 8.40001 -0.510476 -2.00422e-06
10.7426 -2.49323 -0.510475 2.15095e-12 -5.04 8.40001 -0.510476 -2.00484e-06
10.7361 -2.48774 -0.510475 2.14828e-12 -5.04 8.40001 -0.510476 -2.00545e-06
10.7297 -2.48222 -0.510475 2.16205e-12 -5.04 8.40001 -0.510476 -2.00606e-06
10.7231 -2.47669 -0.510475 2.17293e-12 -5.04 8.40001 -0.510476 -2.00668e-06
10.7166 -2.47115 -0.510475 2.16871e-12 -5.04 8.40001 -0.510476 -2.0073e-06
10.71 -2.46559 -0.510475 2.12474e-12 -5.04 8.40001 -0.510476 -2.00792e-06
10.7033 -2.46001 -0.510475 2.12608e-12 -5.04 8.40001 -0.510476 -2.00854e-06
10.6967 -2.45441 -0.510475 2.15206e-12 -5.04 8.40001 -0.510476 -2.00916e-06
10.6899 -2.4488 -0.510475 2.14295e-12 -5.04 8.40001 -0.510476 -2.00979e-06
10.6832 -2.44317 -0.510475 2.10942e-12 -5.04 8.40001 -0.510476 -2.01041e-06
10.6764 -2.43753 -0.510475 2.11275e-12 -5.04 8.40001 -0.510476 -2.01104e-06
10.6695 -2.43186 -0.510475 2.1585e-12 -5.04 8.40001 -0.510476 -2.01167e-06
10.6627 -2.42618 -0.510475 2.15561e-12 -5.04 8.40001 -0.510476 -2.0123e-06
10.6557 -2.42049 -0.510475 2.18314e-12 -5.04 8.40001 -0.510476 -2.01293e-06
10.6488 -2.41477 -0.510475 2.14984e-12 -5.04 8.40001 -0.510476 -2.01357e-06
10.6418 -2.40904 -0.510475 2.12363e-12 -5.04 8.40001 -0.510476 -2.0142e-06
10.6348 -2.40329 -0.510475 2.10187e-12 -5.04 8.40001 -0.510476 -2.01484e-06
10.6277 -2.39752 -0.510475 2.08411e-12 -5.04 8.40001 -0.510476 -2.01548e-06
10.6206 -2.39174 -0.510475 2.06635e-12 -5.04 8.40001 -0.510476 -2.01613e-06
10.6134 -2.38593 -0.510475 2.12119e-12 -5.04 8.40001 -0.510476 -2.01677e-06
10.6062 -2.38011 -0.510475 2.11942e-12 -5.04 8.40001 -0.510476 -2.01742e-06
10.599 -2.37427 -0.510475 2.12785e-12 -5.04 8.40001 -0.510476 -2.01806e-06
10.5918 -2.36841 -0.510475 2.13474e-12 -5.04 8.40001 -0.510476 -2.01871e-06
10.5845 -2.36253 -0.510475 2.14695e-12 -5.04 8.40001 -0.510476 -2.01936e-06
10.5771 -2.35664 -0.510475 2.20823e-12 -5.04 8.40001 -0.510476 -2.02002e-06
10.5698 -2.35072 -0.510475 2.15761e-12 -5.04 8.40001 -0.510476 -2.02067e-06
10.5623 -2.34479 -0.510475 2.13585e-12 -5.04 8.40001 -0.510476 -2.02133e-06
10.5549 -2.33883 -0.510475 2.12452e-12 -5.04 8.40001 -0.510476 -2.02199e-06
10.5474 -2.33286 -0.510475 2.13651e-12 -5.04 8.40001 -0.510476 -2.02265e-06
10.5399 -2.32687 -0.510475 2.07145e-12 -5.04 8.40001 -0.510476 -2.02331e-06
10.5323 -2.32086 -0.510475 2.05125e-12 -5.04 8.40001 -0.510476 -2.02398e-06
10.5248 -2.31483 -0.510475 2.02838e-12 -5.04001 8.40001 -0.510476 -2.02465e-06
10.5171 -2.30878 -0.510475 1.98019e-12 -5.04001 8.40001 -0.510476 -2.02532e-06
10.5095 -2.30271 -0.510475 2.00706e-12 -5.04001 8.40001 -0.510476 -2.02599e-06
10.5018 -2.29662 -0.510475 2.04881e-12 -5.04001 8.40001 -0.510476 -2.02666e-06
10.494 -2.29051 -0.510475 2.0608e-12 -5.04001 8.40001 -0.510476 -2.02734e-06
10.4863 -2.28438 -0.510475 2.04836e-12 -5.04001 8.40001 -0.510476 -2.02802e-06
10.4785 -2.27823 -0.510475 2.0759e-12 -5.04001 8.40001 -0.510476 -2.0287e-06
10.4707 -2.27205 -0.510475 2.0417e-12 -5.04001 8.40001 -0.510476 -2.02938e-06
10.4628 -2.26586 -0.510475 2.03193e-12 -5.04001 8.40001 -0.510476 -2.03006e-06
10.4549 -2.25965 -0.510475 2.12275e-12 -5.04001 8.40001 -0.510476 -2.03075e-06
10.447 -2.25342 -0.510475 2.11298e-12 -5.04001 8.40001 -0.510476 -2.03144e-06
10.439 -2.24716 -0.510475 2.11431e-12 -5.04001 8.40001 -0.510476 -2.03213e-06
10.431 -2.24089 -0.510475 2.10632e-12 -5.04001 8.40001 -0.510476 -2.03283e-06
10.423 -2.23459 -0.510475 2.11964e-12 -5.04001 8.40001 -0.510476 -2.03352e-06
10.4149 -2.22828 -0.510475 2.11142e-12 -5.04001 8.40001 -0.510476 -2.03422e-06
10.4068 -2.22194 -0.510475 2.0719e-12 -5.04001 8.40001 -0.510476 -2.03492e-06
10.3987 -2.21558 -0.510475 2.0195e-12 -5.04001 8.40001 -0.510476 -2.03562e-06
10.3905 -2.2092 -0.510475 2.0044e-12 -5.04001 8.40001 -0.510476 -2.03633e-06
10.3823 -2.2028 -0.510475 1.97931e-12 -5.04001 8.40001 -0.510476 -2.03704e-06
10.3741 -2.19637 -0.510475 1.94778e-12 -5.04001 8.40001 -0.510476 -2.03775e-06
10.3658 -2.18993 -0.510475 1.9118e-12 -5.04001 8.40001 -0.510476 -2.03846e-06
10.3576 -2.18346 -0.510475 1.89937e-12 -5.04001 8.40001 -0.510476 -2.03918e-06
10.3492 -2.17697 -0.510475 1.93601e-12 -5.04001 8.40001 -0.510476 -2.03989e-06
10.3409 -2.17046 -0.510475 1.96199e-12 -5.04001 8.40001 -0.510476 -2.04061e-06
10.3325 -2.16393 -0.510475 1.9158e-12 -5.04001 8.40001 -0.510476 -2.04134e-06
10.3241 -2.15738 -0.510475 1.90803e-12 -5.04001 8.40001 -0.510476 -2.04206e-06
10.3157 -2.1508 -0.510475 1.74993e-12 -5.04001 8.40001 -0.510476 -2.04279e-06
10.3072 -2.1442 -0.510475 1.74305e-12 -5.04001 8.40001 -0.510476 -2.04352e-06
10.2987 -2.13758 -0.510475 1.73261e-12 -5.04001 8.40001 -0.510476 -2.04425e-06
10.2902 -2.13093 -0.510475 1.75437e-12 -5.04001 8.40001 -0.510476 -2.04499e-06
10.2816 -2.12427 -0.510475 1.75948e-12 -5.04001 8.40001 -0.510476 -2.04573e-06
10.2731 -2.11758 -0.510475 1.69864e-12 -5.04001 8.40001 -0.510476 -2.04647e-06
10.2645 -2.11087 -0.510475 1.68243e-12 -5.04001 8.40001 -0.510476 -2.04721e-06
10.2558 -2.10413 -0.510475 1.69309e-12 -5.04001 8.40001 -0.510476 -2.04796e-06
10.2472 -2.09738 -0.510475 1.69442e-12 -5.04001 8.40001 -0.510476 -2.04871e-06
10.2385 -2.0906 -0.510475 1.47926e-12 -5.04001 8.40001 -0.510476 -2.04946e-06
10.2298 -2.0838 -0.510475 1.45195e-12 -5.04001 8.40001 -0.510476 -2.05022e-06
10.221 -2.07697 -0.510475 1.47593e-12 -5.04001 8.40001 -0.510476 -2.05098e-06
10.2123 -2.07012 -0.510475 1.45017e-12 -5.04001 8.40001 -0.510476 -2.05174e-06
10.2035 -2.06325 -0.510475 1.42086e-12 -5.04001 8.40001 -0.510476 -2.0525e-06
10.1947 -2.05636 -0.510475 1.43086e-12 -5.04001 8.40001 -0.510476 -2.05327e-06
10.1858 -2.04944 -0.510475 1.41109e-12 -5.04001 8.40001 -0.510476 -2.05404e-06
10.177 -2.0425 -0.510475 1.43197e-12 -5.04001 8.40001 -0.510476 -2.05481e-06
10.1681 -2.03554 -0.510475 1.40821e-12 -5.04001 8.40001 -0.510476 -2.05558e-06
10.1591 -2.02855 -0.510475 1.37312e-12 -5.04001 8.40001 -0.510476 -2.05636e-06
10.1502 -2.02154 -0.510475 1.46039e-12 -5.04001 8.40001 -0.510476 -2.05714e-06
10.1412 -2.01451 -0.510475 1.43396e-12 -5.04001 8.40001 -0.510476 -2.05793e-06
10.1323 -2.00745 -0.510475 1.41887e-12 -5.04001 8.40001 -0.510476 -2.05871e-06
10.1233 -2.00037 -0.510475 1.42852e-12 -5.04001 8.40001 -0.510476 -2.0595e-06
10.1142 -1.99327 -0.510475 1.39733e-12 -5.04001 8.40001 -0.510476 -2.0603e-06
10.1052 -1.98615 -0.510475 1.36791e-12 -5.04001 8.40001 -0.510476 -2.0611e-06
