-10.425 3.22301 1.9338 -0.346217 -0.698765 -0.419259
-10.6387 2.75217 1.6513 -0.29483 -0.713344 -0.428006
-10.818 2.27241 1.36345 -0.242878 -0.725511 -0.435307
-10.9624 1.78535 1.07121 -0.190468 -0.735276 -0.441166
-11.0718 1.29257 0.775542 -0.137705 -0.742647 -0.445588
-11.146 0.795676 0.477406 -0.0846889 -0.747631 -0.448579
-11.1847 0.296254 0.177752 -0.031518 -0.750231 -0.450139
-11.188 -0.204108 -0.122465 0.0217101 -0.750451 -0.45027
-11.1558 -0.703823 -0.422294 0.0748988 -0.748289 -0.448973
-11.0882 -1.2013 -0.720781 0.127951 -0.743745 -0.446247
-10.9852 -1.69496 -1.01697 0.180768 -0.736814 -0.442088
-10.8472 -2.18319 -1.30992 0.23325 -0.72749 -0.436494
-10.6743 -2.66442 -1.59865 0.285294 -0.715766 -0.42946
-10.4669 -3.13702 -1.88221 0.336794 -0.701632 -0.420979
-10.2254 -3.59939 -2.15964 0.387637 -0.685078 -0.411047
-9.95025 -4.04992 -2.42995 0.437709 -0.666092 -0.399655
-9.642 -4.48698 -2.69219 0.486886 -0.644661 -0.386797
-9.30129 -4.90893 -2.94536 0.535039 -0.620774 -0.372464
-8.92887 -5.31413 -3.18848 0.58203 -0.594419 -0.356651
-8.52554 -5.70094 -3.42056 0.627712 -0.565585 -0.339351
-8.09224 -6.06769 -3.64062 0.67193 -0.534265 -0.320559
-7.62999 -6.41274 -3.84764 0.714516 -0.500454 -0.300273
-7.13995 -6.73442 -4.04065 0.755291 -0.464152 -0.278491
-6.62338 -7.03106 -4.21864 0.794064 -0.425365 -0.255219
-6.08168 -7.30102 -4.38061 0.830632 -0.384105 -0.230463
-5.5164 -7.54266 -4.5256 0.864776 -0.340395 -0.204237
-4.92923 -7.75435 -4.65261 0.896265 -0.294269 -0.176561
-4.32202 -7.93449 -4.7607 0.924852 -0.245774 -0.147464
-3.69679 -8.08154 -4.84892 0.950276 -0.194974 -0.116984
-3.05574 -8.19397 -4.91638 0.972264 -0.141953 -0.0851717
-2.40126 -8.27034 -4.9622 0.990528 -0.0868157 -0.0520894
-1.73593 -8.30928 -4.98557 1.00477 -0.0296941 -0.0178164
-1.06252 -8.30953 -4.98572 1.01469 0.029251 0.0175506
-0.384039 -8.26992 -4.96195 1.01996 0.0898253 0.0538952
0.296326 -8.18945 -4.91367 1.02028 0.151798 0.0910786
0.975165 -8.06727 -4.84036 1.01533 0.214897 0.128938
1.64886 -7.90274 -4.74164 1.00481 0.278806 0.167284
2.31362 -7.69543 -4.61726 0.988447 0.343164 0.205898
2.96544 -7.44517 -4.4671 0.965979 0.40756 0.244536
3.60019 -7.15211 -4.29126 0.937188 0.471533 0.28292
4.21359 -6.81667 -4.09 0.901906 0.534576 0.320746
4.80127 -6.43966 -3.8638 0.860025 0.596135 0.357681
5.35882 -6.02228 -3.61337 0.811511 0.655616 0.393369
5.88183 -5.56611 -3.33966 0.756419 0.712392 0.427435
6.36596 -5.07316 -3.0439 0.694899 0.765815 0.459489
6.807 -4.54591 -2.72754 0.62721 0.815226 0.489135
7.20095 -3.98723 -2.39234 0.553729 0.859974 0.515985
7.54413 -3.40044 -2.04027 0.474947 0.899435 0.539661
7.83318 -2.78928 -1.67357 0.391475 0.933025 0.559815
8.06521 -2.15783 -1.2947 0.304035 0.960226 0.576135
8.23786 -1.51049 -0.906294 0.213447 0.980603 0.588362
8.34931 -0.851941 -0.511164 0.120615 0.993821 0.596293
8.3984 -0.18703 -0.112218 0.0265011 0.999658 0.599795
8.38459 0.47928 0.287568 -0.0678955 0.998015 0.598809
8.30803 1.14201 0.685204 -0.161569 0.988919 0.593352
8.16954 1.79622 1.07773 -0.253531 0.972525 0.583515
7.97058 2.43715 1.46229 -0.342845 0.949106 0.569464
7.7132 3.06023 1.83614 -0.428639 0.919042 0.551425
7.40001 3.66118 2.19671 -0.510135 0.882808 0.529685
7.03412 4.23606 2.54164 -0.586659 0.840953 0.504572
6.61903 4.78134 2.8688 -0.657652 0.794079 0.476447
6.15857 5.29387 3.17632 -0.722673 0.742827 0.445696
5.65686 5.77095 3.46257 -0.781398 0.687852 0.412711
5.11815 6.21033 3.7262 -0.833616 0.62981 0.377886
4.54684 6.61016 3.9661 -0.87922 0.569342 0.341605
3.94733 6.96905 4.18143 -0.918196 0.507061 0.304237
3.32403 7.28597 4.37158 -0.950612 0.443544 0.266127
2.68127 7.56029 4.53617 -0.976605 0.379326 0.227596
2.02327 7.7917 4.67502 -0.996365 0.314894 0.188936
1.3541 7.9802 4.78812 -1.01013 0.250685 0.150411
0.677692 8.12608 4.87565 -1.01817 0.18709 0.112254
-0.00224914 8.22987 4.93792 -1.02077 0.124449 0.0746696
-0.682196 8.2923 4.97538 -1.01824 0.0630597 0.0378358
-1.35883 8.31428 4.98857 -1.01089 0.00317444 0.00190466
-2.02905 8.29691 4.97815 -0.999036 -0.054992 -0.0329952
-2.68996 8.24138 4.94483 -0.982991 -0.11126 -0.0667563
-3.33885 8.14902 4.88941 -0.963057 -0.165483 -0.09929
-3.97324 8.02122 4.81273 -0.939527 -0.217541 -0.130525
-4.59082 7.85946 4.71568 -0.912682 -0.267338 -0.160403
-5.18948 7.66529 4.59917 -0.882791 -0.3148 -0.18888
-5.76726 7.44026 4.46416 -0.850108 -0.359871 -0.215922
-6.3224 7.186 4.3116 -0.814873 -0.402509 -0.241505
-6.85325 6.90413 4.14248 -0.777312 -0.442686 -0.265611
-7.35835 6.5963 3.95778 -0.737636 -0.480383 -0.28823
-7.83634 6.26417 3.7585 -0.696044 -0.515592 -0.309355
-8.28603 5.90939 3.54564 -0.652722 -0.548309 -0.328986
-8.7063 5.53364 3.32018 -0.607842 -0.578537 -0.347122
-9.09618 5.13856 3.08313 -0.561568 -0.606282 -0.363769
-9.45478 4.72581 2.83548 -0.51405 -0.631553 -0.378932
-9.78134 4.29703 2.57822 -0.465432 -0.654361 -0.392616
-10.0751 3.85387 2.31232 -0.415848 -0.674717 -0.40483
-10.3356 3.39795 2.03877 -0.365424 -0.692635 -0.415581
-10.5622 2.93089 1.75853 -0.314279 -0.708126 -0.424875
-10.7545 2.45431 1.47259 -0.262528 -0.721201 -0.432721
-10.9122 1.96982 1.18189 -0.21028 -0.731871 -0.439122
-11.0348 1.47901 0.887406 -0.15764 -0.740144 -0.444086
-11.1223 0.983484 0.590091 -0.104708 -0.746027 -0.447616
-11.1744 0.484832 0.290899 -0.0515852 -0.749526 -0.449716
-11.191 -0.0153596 -0.00921574 0.00163162 -0.750643 -0.450386
-11.1722 -0.515502 -0.309301 0.0548455 -0.74938 -0.449628
-11.1179 -1.01401 -0.608405 0.107959 -0.745735 -0.447441
-11.0283 -1.50929 -0.905574 0.160876 -0.739705 -0.443823
-10.9035 -1.99976 -1.19985 0.213495 -0.731285 -0.438771
-10.7437 -2.48381 -1.49029 0.265716 -0.720468 -0.432281
-10.5493 -2.95985 -1.77591 0.317432 -0.707245 -0.424347
-10.3206 -3.42627 -2.05576 0.368536 -0.691605 -0.414963
-10.0581 -3.88146 -2.32887 0.418912 -0.673538 -0.404123
-9.76226 -4.32378 -2.59427 0.46844 -0.653032 -0.391819
-9.43372 -4.75162 -2.85097 0.516994 -0.630074 -0.378044
-9.07318 -5.16334 -3.098 0.56444 -0.604652 -0.362791
-8.68141 -5.55728 -3.33437 0.610633 -0.576755 -0.346053
-8.25931 -5.9318 -3.55908 0.655421 -0.546375 -0.327825
-7.80786 -6.28523 -3.77114 0.698643 -0.513505 -0.308103
-7.32817 -6.61592 -3.96955 0.740122 -0.478144 -0.286886
-6.82145 -6.92221 -4.15332 0.779674 -0.440294 -0.264176
-6.28907 -7.20243 -4.32146 0.817098 -0.399966 -0.239979
-5.73251 -7.45495 -4.47297 0.852183 -0.357178 -0.214307
-5.15339 -7.67813 -4.60688 0.884702 -0.31196 -0.187176
-4.55352 -7.87037 -4.72222 0.914413 -0.264353 -0.158612
-3.93485 -8.03009 -4.81805 0.941062 -0.214416 -0.12865
-3.29951 -8.15576 -4.89345 0.96438 -0.162224 -0.0973341
-2.64981 -8.24591 -4.94754 0.984084 -0.107872 -0.0647234
-1.98825 -8.29913 -4.97948 0.999881 -0.0514837 -0.0308902
-1.31756 -8.31413 -4.98848 1.01147 0.00679276 0.00407565
-0.640632 -8.2897 -4.97382 1.01853 0.0667759 0.0400655
0.0394089 -8.22477 -4.93486 1.02075 0.128249 0.0769494
0.719234 -8.11842 -4.87105 1.01783 0.190956 0.114574
1.39531 -7.96995 -4.78197 1.00945 0.254598 0.152759
2.0639 -7.77883 -4.6673 0.995327 0.318831 0.191299
2.72108 -7.54479 -4.52688 0.975192 0.383263 0.229958
3.36277 -7.26786 -4.36072 0.948812 0.447452 0.268471
3.98474 -6.94835 -4.16901 0.915998 0.510908 0.306545
4.58265 -6.58693 -3.95216 0.876618 0.573094 0.343856
5.1521 -6.18463 -3.71078 0.83061 0.633431 0.380059
5.68867 -5.7429 -3.44574 0.777991 0.691303 0.414782
6.18798 -5.26358 -3.15815 0.718875 0.746069 0.447641
6.64577 -4.74897 -2.84938 0.65348 0.797071 0.478243
7.05797 -4.2018 -2.52108 0.582136 0.843656 0.506194
7.42074 -3.62522 -2.17513 0.505292 0.885185 0.531111
7.7306 -3.0228 -1.81368 0.423515 0.921056 0.552634
7.98448 -2.39851 -1.43911 0.337484 0.950726 0.570436
8.17981 -1.75664 -1.05399 0.247985 0.973727 0.584236
8.31455 -1.10177 -0.661063 0.155891 0.989682 0.593809
8.3873 -0.438688 -0.263213 0.0621471 0.998326 0.598996
8.39727 0.227677 0.136606 -0.0322596 0.999512 0.599707
8.34436 0.892339 0.535404 -0.126322 0.993221 0.595933
8.22914 1.55034 0.930204 -0.219043 0.979559 0.587736
8.05282 2.19684 1.3181 -0.309463 0.958756 0.575253
7.81723 2.82718 1.69631 -0.396682 0.931152 0.558691
7.5248 3.43697 2.06218 -0.479886 0.89719 0.538314
7.17843 4.02214 2.41328 -0.55836 0.857391 0.514435
6.7815 4.57899 2.7474 -0.631501 0.812341 0.487404
6.33772 5.10424 3.06254 -0.698822 0.762667 0.4576
5.85111 5.59501 3.357 -0.759956 0.709023 0.425414
5.32588 6.04887 3.62932 -0.81465 0.652065 0.391239
4.76637 6.46384 3.8783 -0.862759 0.592441 0.355465
4.177 6.83834 4.10301 -0.904236 0.530776 0.318466
3.56218 7.17122 4.30273 -0.939119 0.467663 0.280598
2.92628 7.4617 4.47702 -0.967519 0.403651 0.24219
2.27355 7.70934 4.6256 -0.98961 0.339246 0.203548
1.60814 7.91404 4.74843 -1.00561 0.274905 0.164943
0.934027 8.07599 4.84559 -1.01578 0.211037 0.126622
0.254998 8.19561 4.91737 -1.0204 0.147999 0.0887996
-0.425345 8.27358 4.96415 -1.01977 0.0861058 0.0516635
-1.10361 8.31073 4.98644 -1.01421 0.0256257 0.0153754
-1.7766 8.30811 4.98487 -1.00402 -0.0332125 -0.0199275
-2.44135 8.26686 4.96012 -0.989527 -0.0902165 -0.0541299
-3.09509 8.18826 4.91296 -0.971029 -0.145227 -0.0871364
-3.73524 8.07369 4.84422 -0.948825 -0.198115 -0.118869
-4.35944 7.9246 4.75476 -0.923202 -0.248776 -0.149266
-4.96548 7.7425 4.6455 -0.894433 -0.297128 -0.178277
-5.55138 7.52896 4.51738 -0.862777 -0.343107 -0.205864
-6.11527 7.28556 4.37134 -0.828481 -0.386669 -0.232001
-6.65549 7.01394 4.20837 -0.791774 -0.427778 -0.256667
-7.17049 6.71574 4.02944 -0.752875 -0.466414 -0.279849
-7.65889 6.39261 3.83556 -0.711986 -0.502565 -0.301539
-8.11941 6.0462 3.62772 -0.669298 -0.536224 -0.321734
-8.55093 5.67819 3.40692 -0.624989 -0.567392 -0.340435
-8.95241 5.29023 3.17414 -0.579224 -0.596075 -0.357645
-9.32294 4.88397 2.93038 -0.532161 -0.62228 -0.373368
-9.66171 4.46107 2.67664 -0.483944 -0.646017 -0.38761
-9.96798 4.02316 2.4139 -0.434711 -0.667299 -0.40038
-10.2411 3.57188 2.14313 -0.384591 -0.686138 -0.411683
-10.4806 3.10884 1.86531 -0.333706 -0.702545 -0.421527
-10.6859 2.63568 1.58141 -0.282173 -0.716533 -0.42992
-10.8567 2.154 1.2924 -0.230101 -0.728112 -0.436867
-10.9926 1.66539 0.999237 -0.177598 -0.737291 -0.442374
-11.0934 1.17147 0.702882 -0.124766 -0.744077 -0.446446
-11.1589 0.673817 0.40429 -0.0717052 -0.748478 -0.449087
-11.189 0.174024 0.104414 -0.0185135 -0.750496 -0.450298
-11.1836 -0.326321 -0.195793 0.0347118 -0.750134 -0.45008
-11.1428 -0.825631 -0.495378 0.0878739 -0.747391 -0.448434
-11.0665 -1.32232 -0.79339 0.140876 -0.742264 -0.445358
-10.955 -1.81479 -1.08887 0.193618 -0.73475 -0.44085
-10.8084 -2.30146 -1.38087 0.246001 -0.724841 -0.434905
-10.6271 -2.78072 -1.66843 0.29792 -0.71253 -0.427518
-10.4113 -3.25097 -1.95058 0.349268 -0.697807 -0.418684
-10.1615 -3.71059 -2.22636 0.399932 -0.680661 -0.408396
-9.87824 -4.15798 -2.49479 0.449795 -0.66108 -0.396648
-9.56201 -4.59149 -2.7549 0.498732 -0.639051 -0.383431
-9.2135 -5.0095 -3.0057 0.546612 -0.614564 -0.368738
-8.83346 -5.41037 -3.24622 0.593296 -0.587606 -0.352564
-8.42273 -5.79243 -3.47546 0.638634 -0.558168 -0.334901
-7.98227 -6.15404 -3.69242 0.682468 -0.526242 -0.315745
-7.51314 -6.49354 -3.89612 0.724628 -0.491825 -0.295095
-7.01651 -6.80926 -4.08555 0.764931 -0.454917 -0.27295
-6.49368 -7.09954 -4.25973 0.803185 -0.415527 -0.249316
-5.9461 -7.36275 -4.41765 0.839181 -0.373668 -0.224201
-5.37532 -7.59723 -4.55834 0.872698 -0.329367 -0.19762
-4.7831 -7.80137 -4.68082 0.903502 -0.282661 -0.169596
-4.17131 -7.97359 -4.78415 0.931341 -0.233599 -0.14016
-3.54202 -8.11233 -4.8674 0.955953 -0.182252 -0.109351
-2.89747 -8.2161 -4.92966 0.97706 -0.128706 -0.0772237
-2.24011 -8.28348 -4.97009 0.994371 -0.0730744 -0.0438446
-1.57255 -8.3131 -4.98786 1.00759 -0.0154946 -0.00929678
-0.897631 -8.30374 -4.98224 1.0164 0.0438644 0.0263186
-0.218392 -8.25427 -4.95256 1.02049 0.1048 0.0628799
0.461917 -8.16371 -4.89823 1.01956 0.167071 0.100243
1.13984 -8.03127 -4.81876 1.01328 0.230396 0.138237
1.81171 -7.85635 -4.71381 1.00137 0.294447 0.176668
2.47369 -7.63859 -4.58316 0.98354 0.358852 0.215311
3.12174 -7.3779 -4.42674 0.959552 0.423187 0.253912
3.75168 -7.07446 -4.24468 0.929195 0.48698 0.292188
4.35922 -6.72882 -4.03729 0.892316 0.549712 0.329827
4.93997 -6.34187 -3.80512 0.848822 0.61082 0.366492
5.48952 -5.91489 -3.54893 0.798701 0.669699 0.40182
6.00345 -5.44957 -3.26974 0.742029 0.725718 0.435431
6.47747 -4.94804 -2.96882 0.678982 0.778223 0.466934
6.90742 -4.41286 -2.64772 0.609848 0.826558 0.495935
7.28935 -3.84703 -2.30822 0.535029 0.870075 0.522045
7.61964 -3.25396 -1.95238 0.455049 0.908158 0.544895
7.89508 -2.63748 -1.58249 0.370545 0.940238 0.564143
8.11287 -2.00175 -1.20105 0.282263 0.965816 0.57949
8.27078 -1.35125 -0.810753 0.191047 0.984479 0.590687
8.36715 -0.690711 -0.414427 0.0978155 0.995918 0.597551
8.40097 -0.0250067 -0.015004 0.00354335 0.999941 0.599964
8.37187 0.640885 0.384531 -0.0907666 0.996479 0.597887
8.28016 1.30199 0.781192 -0.18411 0.985591 0.591355
8.12682 1.9534 1.17204 -0.275511 0.967461 0.580476
7.91345 2.5904 1.55424 -0.364042 0.942389 0.565433
7.64225 3.20847 1.92508 -0.448857 0.91078 0.546468
7.31596 3.80343 2.28206 -0.529201 0.873129 0.523877
6.93779 4.37143 2.62286 -0.604426 0.829999 0.497999
6.51132 4.90902 2.94541 -0.674002 0.782003 0.469202
6.04046 5.41317 3.2479 -0.737517 0.729788 0.437873
5.52937 5.88129 3.52877 -0.794675 0.67401 0.404406
4.98234 6.31121 3.78673 -0.845291 0.615323 0.369194
4.40378 6.70122 4.02073 -0.889282 0.554362 0.332617
3.7981 7.04999 4.23 -0.926656 0.491732 0.295039
3.16969 7.35662 4.41397 -0.957497 0.427999 0.2568
2.52285 7.62054 4.57232 -0.981957 0.363688 0.218213
1.86178 7.84152 4.70491 -1.00024 0.299274 0.179564
1.19051 8.01964 4.81179 -1.01259 0.235183 0.14111
0.512913 8.15525 4.89315 -1.01928 0.171792 0.103075
-0.16734 8.24893 4.94936 -1.0206 0.109431 0.0656588
-0.846775 8.30145 4.98087 -1.01687 0.0483871 0.0290323
-1.52213 8.31379 4.98828 -1.00841 -0.0110974 -0.00665842
-2.19034 8.28705 4.97223 -0.995509 -0.0688166 -0.0412899
-2.84856 8.22247 4.93348 -0.978495 -0.124599 -0.0747596
-3.49416 8.12138 4.87283 -0.957663 -0.178305 -0.106983
-4.12467 7.98521 4.79113 -0.933304 -0.229821 -0.137892
-4.73785 7.81546 4.68927 -0.905698 -0.279056 -0.167434
-5.33161 7.61366 4.5682 -0.875109 -0.325941 -0.195565
-5.90406 7.3814 4.42884 -0.841787 -0.370424 -0.222254
-6.45345 7.1203 4.27218 -0.805969 -0.412466 -0.24748
-6.97818 6.83199 4.0992 -0.767878 -0.452042 -0.271225
-7.47683 6.51813 3.91088 -0.727722 -0.489136 -0.293482
-7.94807 6.18036 3.70822 -0.685696 -0.52374 -0.314244
-8.39072 5.82036 3.49221 -0.641983 -0.555852 -0.333511
-8.80371 5.43978 3.26387 -0.596753 -0.585477 -0.351286
-9.18609 5.04027 3.02416 -0.550165 -0.612621 -0.367572
-9.537 4.62349 2.7741 -0.50237 -0.637293 -0.382376
-9.85569 4.19109 2.51465 -0.453508 -0.659505 -0.395703
-10.1415 3.74469 2.24682 -0.403712 -0.67927 -0.407562
-10.3938 3.28593 1.97156 -0.353104 -0.696598 -0.417959
-10.6121 2.81643 1.68986 -0.301805 -0.711503 -0.426902
-10.7961 2.33779 1.40268 -0.249926 -0.723995 -0.434397
-10.9453 1.85163 1.11098 -0.197575 -0.734084 -0.44045
-11.0594 1.35954 0.815725 -0.144857 -0.741778 -0.445067
-11.1383 0.86312 0.517872 -0.0918725 -0.747084 -0.44825
-11.1819 0.363956 0.218373 -0.0387201 -0.750006 -0.450004
-11.19 -0.136364 -0.0818183 0.0145028 -0.750548 -0.450329
-11.1626 -0.636251 -0.38175 0.0676993 -0.748709 -0.449225
-11.0997 -1.13412 -0.680471 0.120772 -0.744488 -0.446693
-11.0016 -1.62838 -0.977025 0.173624 -0.737881 -0.442729
-10.8683 -2.11743 -1.27046 0.226154 -0.728883 -0.43733
-10.7001 -2.59969 -1.55981 0.278261 -0.717485 -0.430491
-10.4974 -3.07355 -1.84413 0.329837 -0.70368 -0.422208
-10.2605 -3.5374 -2.12244 0.380774 -0.687456 -0.412473
-9.98986 -3.98962 -2.39377 0.430954 -0.668801 -0.401281
-9.68607 -4.4286 -2.65716 0.480257 -0.647705 -0.388623
-9.34974 -4.85269 -2.91161 0.528554 -0.624153 -0.374492
-8.98158 -5.26026 -3.15615 0.575709 -0.598135 -0.358881
-8.58241 -5.64965 -3.38979 0.621575 -0.569641 -0.341785
-8.15313 -6.01923 -3.61154 0.665999 -0.538661 -0.323197
-7.69477 -6.36732 -3.82039 0.708815 -0.505191 -0.303115
-7.20844 -6.69227 -4.01536 0.749845 -0.46923 -0.281538
-6.69541 -6.99241 -4.19545 0.7889 -0.430783 -0.25847
-6.15705 -7.2661 -4.35966 0.825779 -0.389861 -0.233916
-5.59489 -7.51168 -4.50701 0.860264 -0.346485 -0.207891
-5.01061 -7.72754 -4.63653 0.892127 -0.300688 -0.180413
-4.40602 -7.91207 -4.74724 0.921123 -0.252515 -0.151509
-3.78313 -8.06372 -4.83823 0.946993 -0.202028 -0.121217
-3.14411 -8.18095 -4.90857 0.969465 -0.149307 -0.0895844
-2.49133 -8.26232 -4.95739 0.988253 -0.0944548 -0.0566729
-1.82732 -8.30645 -4.98387 1.00306 -0.0375983 -0.022559
-1.15486 -8.31204 -4.98723 1.01358 0.0211053 0.0126632
-0.47689 -8.27794 -4.96676 1.01951 0.0814667 0.04888
0.203405 -8.2031 -4.92186 1.02052 0.14326 0.0859559
0.882652 -8.08666 -4.852 1.01631 0.206219 0.123731
1.55727 -7.92795 -4.75677 1.00657 0.270035 0.162021
2.22347 -7.7265 -4.6359 0.991026 0.334351 0.200611
2.87729 -7.48213 -4.48928 0.969407 0.398764 0.239259
3.51462 -7.1949 -4.31694 0.941494 0.462821 0.277693
4.13118 -6.86522 -4.11913 0.907109 0.52602 0.315612
4.72264 -6.49384 -3.89631 0.866137 0.587813 0.352688
5.28456 -6.08191 -3.64914 0.818533 0.647612 0.388567
5.81255 -5.63094 -3.37856 0.764338 0.704793 0.422876
6.30225 -5.1429 -3.08574 0.703688 0.758711 0.455227
6.74943 -4.62019 -2.77211 0.636829 0.808708 0.485225
7.15006 -4.06564 -2.43938 0.564118 0.854132 0.512479
7.5004 -3.4825 -2.0895 0.486033 0.89435 0.53661
7.79704 -2.87445 -1.72467 0.403168 0.928776 0.557265
8.03705 -2.24553 -1.34732 0.31623 0.95688 0.574128
8.21796 -1.60011 -0.960067 0.226026 0.978214 0.586929
8.33789 -0.942824 -0.565694 0.133451 0.99243 0.595458
8.39558 -0.278501 -0.167101 0.0394585 0.999288 0.599573
8.39041 0.387906 0.232743 -0.0549544 0.998673 0.599204
8.32244 1.05141 0.630846 -0.148781 0.990595 0.594357
8.19239 1.70708 1.02425 -0.241032 0.97519 0.585114
8.00162 2.3501 1.41006 -0.330758 0.952717 0.57163
7.75213 2.97588 1.78553 -0.41708 0.923542 0.554125
7.44645 3.58011 2.14806 -0.499205 0.888127 0.532876
7.08761 4.15879 2.49527 -0.576445 0.847011 0.508207
6.67907 4.70833 2.825 -0.648224 0.800793 0.480476
6.22462 5.22553 3.13532 -0.714085 0.750107 0.450064
5.72834 5.70763 3.42458 -0.773688 0.695608 0.417365
5.19447 6.15231 3.69138 -0.826808 0.637952 0.382771
4.62739 6.55768 3.93461 -0.873323 0.577784 0.34667
4.03151 6.92227 4.15336 -0.913207 0.515721 0.309433
3.41124 7.24502 4.34701 -0.946519 0.452345 0.271407
2.77091 7.52523 4.51514 -0.973385 0.388197 0.232918
2.11478 7.76255 4.65753 -0.99399 0.32377 0.194262
1.44693 7.95696 4.77418 -1.00857 0.259509 0.155706
0.771299 8.10869 4.86522 -1.01737 0.195812 0.117487
0.09164 8.21825 4.93095 -1.02071 0.133024 0.0798145
-0.588499 8.28633 4.9718 -1.01887 0.0714492 0.0428695
-1.26577 8.31384 4.9883 -1.01216 0.011346 0.00680758
-1.93705 8.30184 4.9811 -1.00092 -0.047066 -0.0282396
-2.59939 8.2515 4.9509 -0.985433 -0.103603 -0.0621618
-3.25009 8.16415 4.89849 -0.966019 -0.158113 -0.0948679
-3.88662 8.04116 4.8247 -0.94297 -0.210473 -0.126284
-4.50665 7.88402 4.73041 -0.916569 -0.260585 -0.156351
-5.10803 7.69423 4.61654 -0.887085 -0.308371 -0.185022
-5.6888 7.47338 4.48403 -0.854776 -0.353772 -0.212263
-6.24716 7.22307 4.33384 -0.819882 -0.396747 -0.238048
-6.78146 6.94493 4.16696 -0.782632 -0.437263 -0.262358
-7.2902 6.6406 3.98436 -0.743239 -0.475303 -0.285182
-7.77202 6.31174 3.78705 -0.701904 -0.510854 -0.306513
-8.22569 5.96001 3.57601 -0.658813 -0.543915 -0.326349
-8.65009 5.58707 3.35224 -0.614142 -0.574486 -0.344691
-9.04423 5.19458 3.11675 -0.568054 -0.602573 -0.361544
-9.40722 4.78419 2.87051 -0.520703 -0.628184 -0.376911
-9.73826 4.35755 2.61453 -0.472232 -0.651332 -0.390799
-10.0366 3.91629 2.34977 -0.422777 -0.672026 -0.403216
-10.3018 3.46205 2.07723 -0.372465 -0.690281 -0.414168
-10.5331 2.99645 1.79787 -0.321417 -0.706107 -0.423664
-10.7302 2.52111 1.51266 -0.269747 -0.719516 -0.43171
-10.8927 2.03763 1.22258 -0.217564 -0.730519 -0.438312
-11.0202 1.54761 0.928565 -0.164975 -0.739125 -0.443475
-11.1126 1.05265 0.631591 -0.112082 -0.745339 -0.447204
-11.1696 0.554348 0.332609 -0.0589826 -0.749169 -0.449502
-11.1912 0.0542838 0.0325703 -0.0057762 -0.750618 -0.450371
-11.1773 -0.445952 -0.267571 0.0474407 -0.749686 -0.449812
-11.1279 -0.944773 -0.566864 0.100571 -0.746373 -0.447824
-11.0432 -1.44059 -0.864355 0.153518 -0.740676 -0.444405
-10.9233 -1.93182 -1.15909 0.206182 -0.73259 -0.439554
-10.7684 -2.41685 -1.45011 0.258461 -0.722108 -0.433265
-10.5788 -2.8941 -1.73646 0.310251 -0.709221 -0.425533
-10.3549 -3.36195 -2.01717 0.361444 -0.693921 -0.416352
-10.097 -3.81879 -2.29127 0.411925 -0.676194 -0.405716
-9.80582 -4.263 -2.5578 0.461576 -0.65603 -0.393618
-9.48182 -4.69296 -2.81577 0.510272 -0.633416 -0.38005
-9.1257 -5.10701 -3.06421 0.557877 -0.60834 -0.365004
-8.73825 -5.50353 -3.30212 0.604251 -0.580791 -0.348475
-8.32033 -5.88085 -3.52851 0.649243 -0.55076 -0.330456
-7.87293 -6.23733 -3.7424 0.692691 -0.518241 -0.310944
-7.39712 -6.57129 -3.94278 0.734423 -0.48323 -0.289938
-6.89412 -6.88109 -4.12865 0.774253 -0.44573 -0.267438
-6.36525 -7.16505 -4.29903 0.811986 -0.40575 -0.24345
-5.81198 -7.42154 -4.45292 0.847409 -0.363307 -0.217984
-5.23593 -7.64892 -4.58935 0.8803 -0.31843 -0.191058
-4.63886 -7.84558 -4.70735 0.910418 -0.271158 -0.162695
-4.0227 -8.00995 -4.80597 0.93751 -0.221546 -0.132927
-3.38957 -8.14048 -4.88429 0.96131 -0.169666 -0.1018
-2.74174 -8.23569 -4.94141 0.981537 -0.115614 -0.0693684
-2.0817 -8.29417 -4.9765 0.997899 -0.0595059 -0.0357036
-1.41213 -8.31461 -4.98876 1.01009 -0.00148729 -0.000892373
-0.735902 -8.29577 -4.97746 1.01781 0.0582654 0.0349592
-0.0561108 -8.23658 -4.94195 1.02073 0.119541 0.0717243
0.623944 -8.1361 -4.88166 1.01855 0.182088 0.109253
1.30076 -7.99358 -4.79615 1.01095 0.245615 0.147369
1.97062 -7.80847 -4.68508 0.997655 0.309785 0.185871
2.62964 -7.58047 -4.54828 0.97838 0.374211 0.224526
3.27375 -7.30956 -4.38573 0.952892 0.438459 0.263075
3.89875 -6.996 -4.1976 0.920994 0.502046 0.301228
4.5003 -6.64042 -3.98425 0.882545 0.564442 0.338665
5.07401 -6.2438 -3.74628 0.837471 0.625072 0.375043
5.61546 -5.80752 -3.48451 0.785781 0.683326 0.409996
6.12027 -5.33337 -3.20002 0.727571 0.738566 0.443139
6.58416 -4.82358 -2.89415 0.663046 0.790135 0.474081
7.003 -4.28081 -2.56849 0.592519 0.837379 0.502427
7.37295 -3.70817 -2.2249 0.516422 0.879655 0.527793
7.69045 -3.10917 -1.8655 0.435305 0.916356 0.549814
7.95239 -2.48772 -1.49263 0.349832 0.946929 0.568157
8.1561 -1.84806 -1.10884 0.260775 0.970893 0.582536
8.29948 -1.19474 -0.716847 0.168996 0.987859 0.592716
8.38103 -0.532529 -0.319517 0.0754301 0.997546 0.598527
8.39988 0.133668 0.0802009 -0.0189395 0.999788 0.599873
8.35583 0.798865 0.479319 -0.113107 0.994549 0.596729
8.24934 1.4581 0.874858 -0.206072 0.981916 0.58915
8.08154 2.1065 1.2639 -0.296868 0.962104 0.577262
7.8542 2.73938 1.64363 -0.384587 0.935437 0.561262
7.56963 3.35232 2.01139 -0.468399 0.902344 0.541406
7.23069 3.9412 2.36472 -0.547577 0.863337 0.518002
6.84069 4.50226 2.70136 -0.6215 0.818994 0.491396
6.4033 5.03215 3.01929 -0.689665 0.769937 0.461962
5.9225 5.52794 3.31677 -0.751688 0.716817 0.43009
5.40247 5.98715 3.59229 -0.807302 0.66029 0.396174
4.84755 6.40772 3.84463 -0.856345 0.601008 0.360605
4.26215 6.78803 4.07282 -0.898757 0.539598 0.323759
3.65067 7.12685 4.27611 -0.934566 0.476658 0.285995
3.0175 7.42336 4.45402 -0.963874 0.412745 0.247647
2.36691 7.67708 4.60625 -0.986844 0.34837 0.209022
1.70306 7.88786 4.73272 -1.00369 0.283998 0.170399
1.02995 8.05584 4.8335 -1.01467 0.220043 0.132026
0.351406 8.18143 4.90886 -1.02006 0.156871 0.0941226
-0.328953 8.26525 4.95915 -1.02015 0.0948014 0.0568809
-1.0077 8.30814 4.98488 -1.01527 0.0341093 0.0204656
-1.68162 8.31109 4.98665 -1.00572 -0.024971 -0.0149826
-2.3477 8.27524 4.96515 -0.991821 -0.0822425 -0.0493455
-3.00315 8.20187 4.92112 -0.973874 -0.137542 -0.082525
-3.64538 8.09232 4.85539 -0.95218 -0.190735 -0.114441
-4.27197 7.94805 4.76883 -0.927026 -0.241714 -0.145029
-4.88071 7.77055 4.66233 -0.89869 -0.290396 -0.174237
-5.46957 7.56138 4.53683 -0.867431 -0.336713 -0.202028
-6.0367 7.32213 4.39328 -0.833497 -0.380618 -0.228371
-6.58037 7.05443 4.23266 -0.797122 -0.422075 -0.253245
-7.09904 6.75991 4.05595 -0.758524 -0.461062 -0.276637
-7.59129 6.44023 3.86414 -0.717909 -0.497564 -0.298538
-8.05585 6.09704 3.65822 -0.675468 -0.531576 -0.318945
-8.49155 5.73201 3.43921 -0.631381 -0.563096 -0.337858
-8.89737 5.34679 3.20808 -0.585817 -0.592131 -0.355278
-9.27235 4.94305 2.96583 -0.538932 -0.618687 -0.371212
-9.61568 4.52242 2.71345 -0.490874 -0.642774 -0.385664
-9.92663 4.08656 2.45194 -0.441781 -0.664404 -0.398642
-10.2045 3.63709 2.18225 -0.391782 -0.683589 -0.410153
-10.4488 3.17564 1.90539 -0.341003 -0.700341 -0.420205
-10.6591 2.70384 1.6223 -0.289558 -0.714673 -0.428804
-10.8348 2.22328 1.33397 -0.23756 -0.726594 -0.435956
-10.9757 1.73557 1.04134 -0.185115 -0.736114 -0.441668
-11.0815 1.24232 0.745392 -0.132327 -0.743242 -0.445945
-11.1521 0.74511 0.447066 -0.0792956 -0.747983 -0.44879
-11.1872 0.245534 0.147321 -0.0261199 -0.750341 -0.450205
-11.1869 -0.254821 -0.152892 0.0271034 -0.750319 -0.450191
-11.1511 -0.754367 -0.45262 0.0802773 -0.747916 -0.44875
-11.0799 -1.25152 -0.750911 0.133305 -0.743131 -0.445879
-10.9734 -1.74468 -1.04681 0.186087 -0.735959 -0.441576
-10.8319 -2.23227 -1.33936 0.238525 -0.726394 -0.435837
-10.6555 -2.71268 -1.62761 0.290513 -0.714429 -0.428657
-10.4446 -3.18431 -1.91059 0.341947 -0.700053 -0.420032
-10.1997 -3.64555 -2.18733 0.392713 -0.683255 -0.409953
-9.92118 -4.09478 -2.45687 0.442695 -0.664025 -0.398415
-9.60964 -4.53038 -2.71823 0.49177 -0.64235 -0.38541
-9.26572 -4.95071 -2.97042 0.539808 -0.618217 -0.37093
-8.89015 -5.35412 -3.21247 0.586669 -0.591616 -0.354969
-8.48378 -5.73898 -3.44339 0.632207 -0.562536 -0.337521
-8.04753 -6.10362 -3.66217 0.676265 -0.530969 -0.318581
-7.58246 -6.44639 -3.86783 0.718673 -0.496911 -0.298147
-7.08971 -6.76562 -4.05937 0.759252 -0.460363 -0.276218
-6.57056 -7.05966 -4.2358 0.797811 -0.421331 -0.252799
-6.02645 -7.32685 -4.39611 0.834143 -0.379829 -0.227897
-5.45891 -7.56556 -4.53933 0.868029 -0.33588 -0.201528
-4.86967 -7.77416 -4.66449 0.899236 -0.289519 -0.173711
-4.26058 -7.95106 -4.77063 0.927516 -0.240795 -0.144477
-3.63368 -8.09471 -4.85682 0.952607 -0.189774 -0.113865
-2.9912 -8.2036 -4.92216 0.974235 -0.136542 -0.081925
-2.33553 -8.2763 -4.96578 0.99211 -0.0812055 -0.0487233
-1.66928 -8.31144 -4.98686 1.00593 -0.0238998 -0.0143399
-0.995243 -8.30776 -4.98466 1.0154 0.0352113 0.0211268
-0.31644 -8.26413 -4.95848 1.02019 0.0959302 0.0575581
0.363914 -8.17955 -4.90773 1.02 0.158022 0.0948131
1.04239 -8.05319 -4.83191 1.01451 0.22121 0.132726
1.71536 -7.88443 -4.73066 1.00343 0.285176 0.171106
2.379 -7.67286 -4.60372 0.986474 0.349551 0.209731
3.02931 -7.41836 -4.45102 0.96339 0.413921 0.248352
3.66212 -7.12107 -4.27264 0.933965 0.47782 0.286692
4.27315 -6.78148 -4.06889 0.898036 0.540736 0.324442
4.85804 -6.40043 -3.84026 0.855503 0.602111 0.361267
5.41235 -5.97914 -3.58748 0.806339 0.661348 0.396809
5.9317 -5.51924 -3.31155 0.750608 0.717817 0.43069
6.41175 -5.0228 -3.01368 0.68847 0.770869 0.462521
6.8483 -4.49232 -2.69539 0.620197 0.819844 0.491907
7.2374 -3.93072 -2.35843 0.546175 0.864095 0.518457
7.57537 -3.34137 -2.00482 0.466908 0.902998 0.541799
7.85892 -2.72804 -1.63682 0.383019 0.935978 0.561587
8.0852 -2.09483 -1.2569 0.295238 0.962523 0.577514
8.25189 -1.44619 -0.867714 0.204396 0.982208 0.589325
8.35725 -0.78681 -0.472086 0.111401 0.994707 0.596824
8.40017 -0.121553 -0.0729316 0.0172227 0.999811 0.599886
8.38018 0.544614 0.326768 -0.0771397 0.997432 0.598459
8.2975 1.20671 0.724025 -0.17068 0.987612 0.592567
8.153 1.85982 1.11589 -0.262417 0.970516 0.58231
7.94822 2.49918 1.49951 -0.351415 0.946429 0.567857
7.68525 3.12026 1.87216 -0.436813 0.915741 0.549445
7.36677 3.71882 2.23129 -0.517844 0.878934 0.527361
6.99591 4.29095 2.57457 -0.593844 0.836564 0.501938
6.57621 4.83314 2.89988 -0.664264 0.789237 0.473542
6.11155 5.34231 3.20539 -0.728677 0.737596 0.442558
5.60604 5.81579 3.48948 -0.786769 0.682298 0.409379
5.06397 6.25138 3.75083 -0.83834 0.623996 0.374398
4.48972 6.64727 3.98836 -0.883292 0.56333 0.337998
3.88772 7.0021 4.20126 -0.921622 0.500909 0.300545
3.26235 7.31489 4.38893 -0.953403 0.437306 0.262384
2.61793 7.58503 4.55102 -0.978777 0.373052 0.223831
1.95868 7.81226 4.68735 -0.997941 0.308629 0.185177
1.28866 7.9966 4.79796 -1.01114 0.244469 0.146681
0.611764 8.13836 4.88302 -1.01863 0.180958 0.108575
-0.0683143 8.2381 4.94286 -1.02072 0.118432 0.0710593
-0.748067 8.29656 4.97793 -1.01771 0.0571835 0.0343101
-1.4242 8.31468 4.98881 -1.00991 -0.00253849 -0.0015231
-2.09362 8.29356 4.97613 -0.997638 -0.060523 -0.0363138
-2.75346 8.23441 4.94065 -0.981205 -0.116594 -0.0699565
-3.40105 8.13856 4.88313 -0.960912 -0.170607 -0.102364
-4.03389 8.00741 4.80445 -0.937052 -0.222445 -0.133467
-4.64972 7.84247 4.70548 -0.909904 -0.272015 -0.163209
-5.24643 7.64525 4.58715 -0.879735 -0.319244 -0.191546
-5.8221 7.41734 4.4504 -0.846799 -0.364077 -0.218446
-6.37494 7.16035 4.29621 -0.811333 -0.406475 -0.243885
-6.90337 6.87592 4.12555 -0.773563 -0.44641 -0.267846
-7.4059 6.56568 3.93941 -0.733698 -0.483865 -0.290319
-7.88121 6.23131 3.73879 -0.691936 -0.518831 -0.311298
-8.32811 5.87446 3.52468 -0.64846 -0.551305 -0.330783
-8.74549 5.49679 3.29807 -0.603444 -0.581291 -0.348775
-9.1324 5.09995 3.05997 -0.557049 -0.608796 -0.365277
-9.48795 4.68561 2.81136 -0.509424 -0.633827 -0.380296
-9.81139 4.25539 2.55324 -0.460713 -0.656397 -0.393838
-10.102 3.81095 2.28657 -0.411048 -0.676518 -0.405911
-10.3593 3.35391 2.01234 -0.360555 -0.694201 -0.416521
-10.5826 2.88588 1.73153 -0.309352 -0.709459 -0.425676
-10.7716 2.40849 1.4451 -0.257554 -0.722303 -0.433382
-10.9259 1.92334 1.15401 -0.20527 -0.732743 -0.439646
-11.0452 1.43203 0.859218 -0.152602 -0.740787 -0.444472
-11.1293 0.936152 0.561691 -0.0996535 -0.746442 -0.447865
-11.1781 0.437298 0.262379 -0.0465228 -0.749714 -0.449828
-11.1913 -0.0629428 -0.0377657 0.00669263 -0.750605 -0.450363
-11.1691 -0.562984 -0.33779 0.0598959 -0.749115 -0.449469
-11.1115 -1.06124 -0.636743 0.11299 -0.745244 -0.447147
-11.0185 -1.55612 -0.933671 0.165877 -0.738989 -0.443393
-10.8904 -2.04603 -1.22762 0.218458 -0.730342 -0.438205
-10.7273 -2.52938 -1.51763 0.27063 -0.719299 -0.431579
-10.5297 -3.00457 -1.80274 0.322288 -0.705849 -0.423509
-10.2978 -3.46998 -2.08199 0.373323 -0.689982 -0.413989
-10.0321 -3.92401 -2.3544 0.423619 -0.671687 -0.403012
-9.73312 -4.36502 -2.61901 0.473056 -0.650951 -0.390571
-9.40154 -4.7914 -2.87484 0.521507 -0.627763 -0.376658
-9.03802 -5.2015 -3.1209 0.568835 -0.602111 -0.361267
-8.64337 -5.59367 -3.3562 0.614899 -0.573984 -0.34439
-8.21847 -5.96626 -3.57976 0.659542 -0.543372 -0.326023
-7.76433 -6.31762 -3.79057 0.702603 -0.510271 -0.306163
-7.28205 -6.64607 -3.98764 0.743906 -0.474679 -0.284808
-6.77288 -6.94997 -4.16998 0.783262 -0.4366 -0.26196
-6.23818 -7.22766 -4.3366 0.820473 -0.396044 -0.237626
-5.67944 -7.47749 -4.48649 0.855324 -0.353031 -0.211819
-5.09831 -7.69783 -4.6187 0.887587 -0.307592 -0.184555
-4.49661 -7.88708 -4.73225 0.91702 -0.259769 -0.155861
-3.8763 -8.04368 -4.82621 0.943367 -0.209622 -0.125773
-3.23953 -8.16608 -4.89965 0.966357 -0.157228 -0.0943367
-2.58863 -8.25284 -4.9517 0.985707 -0.102686 -0.0616115
-1.92612 -8.30255 -4.98153 1.00112 -0.0461194 -0.0276716
-1.25473 -8.31391 -4.98835 1.0123 0.0123191 0.00739145
-0.577394 -8.28575 -4.97145 1.01892 0.0724454 0.0434672
0.102756 -8.21699 -4.9302 1.02068 0.134039 0.0804236
0.782369 -8.10676 -4.86406 1.01726 0.196841 0.118105
1.45789 -7.95434 -4.7726 1.00836 0.260548 0.156329
2.12558 -7.75924 -4.65554 0.993692 0.324811 0.194887
2.78148 -7.52122 -4.51273 0.972988 0.389234 0.23354
3.42151 -7.24032 -4.34419 0.94602 0.453371 0.272022
4.04141 -6.91689 -4.15014 0.912605 0.516727 0.310036
4.63686 -6.55164 -3.93098 0.872616 0.578761 0.347257
5.20343 -6.14563 -3.68738 0.825997 0.638891 0.383335
5.73673 -5.70034 -3.4202 0.772775 0.696498 0.417899
6.23237 -5.21767 -3.1306 0.713073 0.750939 0.450563
6.6861 -4.69993 -2.81996 0.647118 0.801557 0.480934
7.09388 -4.14991 -2.48995 0.575251 0.847697 0.508618
7.4519 -3.5708 -2.14248 0.497933 0.888724 0.533235
7.75671 -2.96621 -1.77973 0.415739 0.924043 0.554426
8.00529 -2.34013 -1.40408 0.329362 0.953114 0.571869
8.19511 -1.69688 -1.01813 0.239593 0.975478 0.585287
8.32419 -1.04106 -0.624635 0.147315 0.990768 0.594461
8.39118 -0.377477 -0.226486 0.0534754 0.99873 0.599238
8.39537 0.288929 0.173357 -0.0409341 0.999227 0.599536
8.3367 0.953172 0.571903 -0.134907 0.992253 0.595352
8.21581 1.6103 0.966183 -0.227449 0.977925 0.586755
8.03396 2.2555 1.3533 -0.317603 0.956484 0.57389
7.79306 2.88412 1.73047 -0.40448 0.928279 0.556968
7.49556 3.49181 2.09508 -0.487272 0.893762 0.536257
7.14443 4.07452 2.44471 -0.565274 0.85346 0.512076
6.74306 4.6286 2.77716 -0.637895 0.807964 0.484778
6.2952 5.1508 3.09048 -0.704658 0.757904 0.454743
5.80489 5.63828 3.38297 -0.765207 0.703934 0.42236
5.27636 6.08866 3.6532 -0.819299 0.646711 0.388026
4.71395 6.49999 3.89999 -0.8668 0.58688 0.352128
4.12209 6.87073 4.12244 -0.907669 0.525064 0.315039
3.50519 7.19977 4.31986 -0.941952 0.461852 0.277111
2.86759 7.48635 4.49181 -0.969768 0.39779 0.238674
2.21356 7.73008 4.63805 -0.991292 0.333378 0.200027
1.54721 7.93088 4.75853 -1.00675 0.26907 0.161442
0.872507 8.08895 4.85337 -1.0164 0.205269 0.123161
0.193228 8.20476 4.92286 -1.02053 0.142328 0.085397
-0.487048 8.27899 4.96739 -1.01944 0.0805582 0.0483349
-1.16494 8.31249 4.9875 -1.01345 0.0202236 0.0121341
-1.8373 8.30632 4.98379 -1.00286 -0.0384504 -0.0230702
-2.50115 8.26164 4.95698 -0.987991 -0.0952748 -0.0571649
-3.15374 8.17973 4.90784 -0.969147 -0.150093 -0.0900561
-3.79253 8.06199 4.83719 -0.946624 -0.202779 -0.121667
-4.41516 7.90986 4.74591 -0.920708 -0.253229 -0.151938
-5.01946 7.72486 4.63492 -0.891671 -0.301365 -0.180819
-5.60342 7.50856 4.50514 -0.85977 -0.347124 -0.208274
-6.16524 7.26257 4.35754 -0.82525 -0.390461 -0.234277
-6.70323 6.98849 4.1931 -0.788341 -0.431345 -0.258807
-7.21588 6.68799 4.01279 -0.749259 -0.469754 -0.281852
-7.70181 6.3627 3.81762 -0.708204 -0.505677 -0.303406
-8.15977 6.0143 3.60858 -0.665368 -0.539109 -0.323465
-8.58862 5.64444 3.38667 -0.620925 -0.57005 -0.34203
-8.98735 5.25478 3.15287 -0.575043 -0.598508 -0.359105
-9.35506 4.84698 2.90819 -0.527874 -0.624488 -0.374693
-9.69093 4.42268 2.65361 -0.479566 -0.648003 -0.388802
-9.99426 3.98352 2.39011 -0.430253 -0.669064 -0.401439
-10.2644 3.53113 2.11868 -0.380065 -0.687683 -0.41261
-10.5008 3.06714 1.84028 -0.329123 -0.703872 -0.422323
-10.7031 2.59317 1.5559 -0.277542 -0.717643 -0.430586
-10.8708 2.11081 1.26649 -0.225433 -0.729007 -0.437404
-11.0036 1.62169 0.973011 -0.172902 -0.737971 -0.442783
-11.1013 1.12738 0.676427 -0.120051 -0.744545 -0.446727
-11.1636 0.629485 0.377691 -0.0669793 -0.748733 -0.44924
-11.1905 0.129592 0.0777554 -0.0137861 -0.750539 -0.450324
-11.182 -0.370711 -0.222427 0.0394322 -0.749966 -0.44998
-11.138 -0.869838 -0.521903 0.0925788 -0.747012 -0.448207
-11.0586 -1.3662 -0.819721 0.145556 -0.741674 -0.445005
-10.944 -1.85821 -1.11493 0.198266 -0.733949 -0.440369
-10.7943 -2.34427 -1.40656 0.250606 -0.723829 -0.434297
-10.6099 -2.82279 -1.69367 0.302474 -0.711307 -0.426784
-10.3911 -3.29215 -1.97529 0.353761 -0.696371 -0.417823
-10.1384 -3.75075 -2.25045 0.404354 -0.679013 -0.407408
-9.85218 -4.19696 -2.51818 0.454136 -0.659218 -0.395531
-9.53308 -4.62917 -2.7775 0.502981 -0.636976 -0.382186
-9.18177 -5.04572 -3.02743 0.550757 -0.612274 -0.367365
-8.79901 -5.44499 -3.26699 0.597324 -0.585101 -0.351061
-8.38564 -5.82531 -3.49519 0.642532 -0.555447 -0.333268
-7.94263 -6.18504 -3.71102 0.686221 -0.523306 -0.313984
-7.47105 -6.5225 -3.9135 0.728221 -0.488674 -0.293204
-6.97208 -6.83605 -4.10163 0.768349 -0.451552 -0.270931
-6.44704 -7.12402 -4.27441 0.80641 -0.411948 -0.247169
-5.89737 -7.38477 -4.43086 0.842195 -0.369879 -0.221928
-5.32466 -7.61666 -4.56999 0.875482 -0.32537 -0.195222
-4.73066 -7.81807 -4.69084 0.906034 -0.27846 -0.167076
-4.11727 -7.98742 -4.79245 0.9336 -0.229201 -0.137521
-3.48658 -8.12316 -4.8739 0.957915 -0.177663 -0.106598
-2.84083 -8.22381 -4.93429 0.978701 -0.123936 -0.0743614
-2.18249 -8.28795 -4.97277 0.995666 -0.0681335 -0.0408801
-1.51419 -8.31423 -4.98854 1.00851 -0.0103971 -0.00623823
-0.838782 -8.30142 -4.98085 1.01692 0.0491022 0.0294613
-0.159334 -8.24841 -4.94905 1.02059 0.110158 0.066095
0.520893 -8.15425 -4.89255 1.01921 0.172527 0.103516
1.19842 -8.01815 -4.81089 1.01245 0.235923 0.141554
1.86958 -7.83953 -4.70372 1.00004 0.300015 0.180009
2.5305 -7.61806 -4.57083 0.981689 0.364425 0.218655
3.17713 -7.35365 -4.41219 0.957159 0.428727 0.257236
3.80529 -7.04655 -4.22793 0.926247 0.492445 0.295467
4.41068 -6.6973 -4.01838 0.888801 0.555054 0.333032
4.9889 -6.30684 -3.78411 0.844739 0.615988 0.369593
5.53553 -5.87649 -3.52589 0.794053 0.674641 0.404785
6.04619 -5.40797 -3.24478 0.736827 0.730378 0.438227
6.51656 -4.90344 -2.94206 0.673248 0.782546 0.469528
6.94251 -4.36551 -2.6193 0.603613 0.830487 0.498292
7.32013 -3.7972 -2.27832 0.528334 0.873557 0.524134
7.64582 -3.20198 -1.92119 0.447945 0.911142 0.546685
7.9164 -2.58368 -1.55021 0.363092 0.94268 0.565608
8.12912 -1.94652 -1.16791 0.274532 0.967676 0.580606
8.28181 -1.29499 -0.776991 0.183113 0.985729 0.591437
8.37285 -0.633818 -0.380291 0.0897611 0.996537 0.597922
8.40128 0.0320861 0.0192516 -0.00454622 0.999919 0.599952
8.3668 0.69775 0.41865 -0.098805 0.995818 0.597491
8.26977 1.3582 0.814921 -0.192013 0.984302 0.590581
8.11123 2.00855 1.20513 -0.283195 0.965567 0.57934
7.89283 2.64409 1.58646 -0.371434 0.939921 0.563953
7.61682 3.26035 1.95621 -0.455889 0.907779 0.544667
7.28598 3.85314 2.31188 -0.535813 0.869641 0.521784
6.90355 4.41867 2.6512 -0.610569 0.826074 0.495645
6.47315 4.95351 2.97211 -0.679638 0.777698 0.466619
5.99872 5.45468 3.27281 -0.742616 0.725158 0.435095
5.48441 5.91961 3.55177 -0.799218 0.669112 0.401467
4.93455 6.3462 3.80772 -0.849269 0.610213 0.366128
4.35352 6.73274 4.03964 -0.892693 0.549092 0.329455
3.74575 7.07796 4.24678 -0.929504 0.486352 0.291811
3.11563 7.38098 4.42859 -0.959795 0.422556 0.253534
2.46744 7.64126 4.58475 -0.98372 0.358224 0.214935
1.80536 7.8586 4.71516 -1.00149 0.293827 0.176296
1.13343 8.03311 4.81986 -1.01334 0.229787 0.137872
0.45548 8.16515 4.89909 -1.01957 0.166476 0.0998857
-0.22482 8.25531 4.95319 -1.02046 0.104222 0.0625333
-0.904018 8.30441 4.98264 -1.01632 0.0433063 0.0259838
-1.57887 8.31341 4.98804 -1.00746 -0.0160313 -0.00961879
-2.24633 8.28343 4.97006 -0.994208 -0.0735882 -0.0441529
-2.90358 8.21572 4.92943 -0.976862 -0.129196 -0.0775176
-3.54798 8.11163 4.86698 -0.955724 -0.182717 -0.10963
-4.1771 7.97259 4.78355 -0.931085 -0.234039 -0.140423
-4.78871 7.80009 4.68005 -0.90322 -0.283074 -0.169845
-5.38075 7.59568 4.55741 -0.872395 -0.329755 -0.197853
-5.95131 7.36095 4.41657 -0.838858 -0.37403 -0.224418
-6.49868 7.09751 4.25851 -0.802845 -0.415863 -0.249518
-7.02127 6.80701 4.08421 -0.764577 -0.455227 -0.273136
-7.51766 6.49109 3.89465 -0.724261 -0.49211 -0.295266
-7.98655 6.15141 3.69085 -0.682091 -0.526502 -0.315901
-8.42675 5.78964 3.47378 -0.638249 -0.558404 -0.335042
-8.83722 5.40742 3.24445 -0.592904 -0.587818 -0.352691
-9.217 5.00643 3.00386 -0.546215 -0.614753 -0.368852
-9.56524 4.5883 2.75298 -0.498331 -0.639217 -0.38353
-9.88121 4.15468 2.49281 -0.449391 -0.661223 -0.396734
-10.1642 3.70721 2.22432 -0.399527 -0.680783 -0.40847
-10.4137 3.24751 1.9485 -0.348863 -0.697908 -0.418745
-10.6292 2.7772 1.66632 -0.297516 -0.71261 -0.427566
-10.8103 2.29789 1.37873 -0.245599 -0.724902 -0.434941
-10.9566 1.81119 1.08671 -0.19322 -0.734791 -0.440874
-11.0678 1.3187 0.791217 -0.140481 -0.742286 -0.445372
-11.1438 0.822 0.4932 -0.0874839 -0.747395 -0.448437
-11.1845 0.322694 0.193616 -0.0343273 -0.75012 -0.450072
-11.1896 -0.177636 -0.106581 0.0188917 -0.750465 -0.450279
-11.1593 -0.677402 -0.406441 0.0720764 -0.74843 -0.449058
-11.0935 -1.17502 -0.705011 0.12513 -0.744013 -0.446408
-10.9925 -1.66889 -1.00134 0.177953 -0.737211 -0.442326
-10.8563 -2.15744 -1.29446 0.230448 -0.728016 -0.43681
-10.6853 -2.63906 -1.58343 0.282509 -0.716423 -0.429854
-10.4798 -3.11214 -1.86728 0.334033 -0.702421 -0.421452
-10.2401 -3.57508 -2.14505 0.384906 -0.686 -0.4116
-9.96673 -4.02627 -2.41576 0.435015 -0.667147 -0.400288
-9.66026 -4.46408 -2.67845 0.484236 -0.645852 -0.387511
-9.32131 -4.88687 -2.93212 0.53244 -0.622102 -0.373261
-8.95059 -5.293 -3.1758 0.57949 -0.595885 -0.357531
-8.54894 -5.68083 -3.4085 0.62524 -0.567191 -0.340315
-8.11726 -6.04871 -3.62922 0.669535 -0.536012 -0.321607
-7.65658 -6.39497 -3.83698 0.712208 -0.502342 -0.301405
-7.16804 -6.71795 -4.03077 0.75308 -0.466182 -0.279709
-6.65291 -7.01599 -4.2096 0.791963 -0.427536 -0.256522
-6.11258 -7.28745 -4.37247 0.828652 -0.386418 -0.231851
-5.54857 -7.53067 -4.5184 0.86293 -0.342849 -0.205709
-4.96258 -7.74405 -4.64643 0.894567 -0.296862 -0.178117
-4.35645 -7.92597 -4.75558 0.923317 -0.248504 -0.149102
-3.73219 -8.07487 -4.84492 0.948919 -0.197837 -0.118702
-3.09198 -8.18926 -4.91355 0.971102 -0.144945 -0.0869668
-2.4382 -8.26766 -4.9606 0.989579 -0.0899301 -0.0539581
-1.77342 -8.30872 -4.98523 1.00405 -0.0329235 -0.0197541
-1.10042 -8.31115 -4.98669 1.01421 0.0259159 0.0155496
-0.422159 -8.2738 -4.96428 1.01975 0.0863961 0.0518377
0.258165 -8.19564 -4.91739 1.02036 0.148288 0.0889729
0.937159 -8.07583 -4.8455 1.01571 0.211323 0.126794
1.61122 -7.91369 -4.74822 1.00552 0.275187 0.165112
2.27656 -7.70881 -4.62528 0.989496 0.339521 0.203713
2.9292 -7.46098 -4.47659 0.967381 0.403917 0.24235
3.56501 -7.17034 -4.3022 0.938957 0.467919 0.280751
4.17971 -6.83729 -4.10237 0.904051 0.53102 0.318612
4.76895 -6.46263 -3.87758 0.862553 0.592671 0.355603
5.32831 -6.04751 -3.62851 0.814423 0.652279 0.391367
5.85339 -5.59351 -3.35611 0.759709 0.709219 0.425531
6.33983 -5.10262 -3.06157 0.698558 0.762843 0.457706
6.78343 -4.57727 -2.74636 0.631223 0.812495 0.487497
7.18018 -4.02032 -2.41219 0.55807 0.857522 0.514513
7.52634 -3.43506 -2.06104 0.479587 0.897297 0.538378
7.81858 -2.82521 -1.69513 0.396378 0.931234 0.558741
8.05396 -2.19483 -1.3169 0.309156 0.958812 0.575287
8.23008 -1.5483 -0.928981 0.218738 0.979591 0.587754
8.3451 -0.890287 -0.534172 0.126021 0.993228 0.595937
8.39781 -0.225629 -0.135378 0.0319666 0.999495 0.599697
8.38765 0.440717 0.26443 -0.062429 0.998286 0.598971
8.31472 1.10377 0.66226 -0.156159 0.989621 0.593772
8.1798 1.75859 1.05516 -0.248236 0.973647 0.584188
7.98431 2.4004 1.44024 -0.337716 0.95063 0.570378
7.73028 3.02462 1.81477 -0.423727 0.920946 0.552567
7.42029 3.62696 2.17618 -0.505483 0.885062 0.531037
7.0574 4.20346 2.52207 -0.582305 0.843525 0.506115
6.6451 4.75054 2.85033 -0.653626 0.796934 0.47816
6.18722 5.26506 3.15904 -0.718999 0.745928 0.447557
5.68783 5.74428 3.44657 -0.778093 0.691161 0.414696
5.1512 6.18592 3.71155 -0.830691 0.633289 0.379974
4.58171 6.58812 3.95287 -0.87668 0.572955 0.343773
3.98376 6.94946 4.16967 -0.916041 0.510773 0.306464
3.36177 7.26888 4.36133 -0.948839 0.447323 0.268394
2.72007 7.54573 4.52744 -0.975204 0.383141 0.229885
2.06288 7.77968 4.66781 -0.995325 0.318718 0.191231
1.3943 7.97073 4.78244 -1.00944 0.254493 0.152696
0.718235 8.11914 4.87148 -1.01781 0.19086 0.114516
0.0384279 8.22542 4.93525 -1.02072 0.128163 0.0768978
-0.64159 8.2903 4.97418 -1.01849 0.0666998 0.0400199
-1.31849 8.31469 4.98881 -1.01142 0.00672664 0.00403598
-1.98916 8.29965 4.97979 -0.999834 -0.0515399 -0.030924
-2.65067 8.24639 4.94783 -0.984035 -0.107919 -0.0647513
-3.30034 8.15621 4.89373 -0.96433 -0.162261 -0.0973563
-3.93565 8.03052 4.81831 -0.941012 -0.214444 -0.128666
-4.55429 7.87078 4.72247 -0.914364 -0.264373 -0.158624
-5.15413 7.67854 4.60712 -0.884655 -0.311971 -0.187183
-5.73321 7.45535 4.47321 -0.852139 -0.357181 -0.214309
-6.28975 7.20283 4.3217 -0.817058 -0.399962 -0.239977
-6.82211 6.92261 4.15357 -0.779638 -0.440283 -0.26417
-7.3288 6.61634 3.9698 -0.740092 -0.478127 -0.286876
-7.80848 6.28566 3.7714 -0.698618 -0.513483 -0.30809
-8.25991 5.93225 3.55935 -0.655404 -0.546347 -0.327808
-8.68201 5.55775 3.33465 -0.610622 -0.576723 -0.346034
-9.07377 5.16383 3.0983 -0.564436 -0.604616 -0.36277
-9.43431 4.75214 2.85128 -0.516998 -0.630035 -0.378021
-9.76286 4.32433 2.5946 -0.468452 -0.652991 -0.391795
-10.0587 3.88203 2.32922 -0.418932 -0.673496 -0.404098
-10.3212 3.42687 2.05612 -0.368564 -0.691562 -0.414937
-10.55 2.96048 1.77629 -0.317469 -0.707201 -0.42432
-10.7444 2.48447 1.49068 -0.265761 -0.720424 -0.432254
-10.9042 2.00044 1.20027 -0.213549 -0.731242 -0.438745
-11.029 1.51001 0.906003 -0.160938 -0.739663 -0.443798
-11.1187 1.01475 0.608851 -0.108031 -0.745695 -0.447417
-11.173 0.51627 0.309762 -0.0549253 -0.749343 -0.449606
-11.1919 0.0161514 0.00969084 -0.00172004 -0.75061 -0.450366
-11.1753 -0.484019 -0.290411 0.0514883 -0.749497 -0.449698
-11.1233 -0.982653 -0.589592 0.104603 -0.746003 -0.447602
-11.0359 -1.47816 -0.886899 0.157526 -0.740125 -0.444075
-10.9133 -1.96896 -1.18138 0.210159 -0.731858 -0.439115
-10.7558 -2.45345 -1.47207 0.2624 -0.721195 -0.432717
-10.5636 -2.93002 -1.75801 0.314143 -0.708127 -0.424876
-10.3371 -3.39709 -2.03825 0.365281 -0.692645 -0.415587
-10.0767 -3.85302 -2.31181 0.415699 -0.674736 -0.404842
-9.78298 -4.2962 -2.57772 0.465278 -0.654389 -0.392634
-9.45653 -4.725 -2.835 0.513891 -0.631592 -0.378955
-9.09803 -5.13778 -3.08267 0.561404 -0.606333 -0.3638
-8.70826 -5.53289 -3.31974 0.607675 -0.5786 -0.34716
-8.28811 -5.9087 -3.54522 0.652552 -0.548385 -0.329031
-7.83854 -6.26352 -3.75811 0.695873 -0.515681 -0.309409
-7.36065 -6.59572 -3.95743 0.737464 -0.480487 -0.288292
-6.85567 -6.90362 -4.14217 0.777141 -0.442804 -0.265682
-6.32493 -7.18558 -4.31135 0.814704 -0.402643 -0.241586
-5.76991 -7.43994 -4.46396 0.849942 -0.360021 -0.216012
-5.19224 -7.66507 -4.59904 0.882631 -0.314967 -0.18898
-4.59369 -7.85936 -4.71562 0.912529 -0.267522 -0.160513
-3.9762 -8.02125 -4.81275 0.939382 -0.217743 -0.130646
-3.34191 -8.14919 -4.88951 0.962924 -0.165703 -0.0994217
-2.6931 -8.2417 -4.94502 0.982871 -0.111498 -0.0668987
-2.03227 -8.2974 -4.97844 0.998931 -0.0552473 -0.0331484
-1.36211 -8.31495 -4.98897 1.0108 0.00290156 0.00174093
-0.685526 -8.29315 -4.97589 1.01817 0.0627697 0.0376618
-0.00561467 -8.23092 -4.93855 1.02073 0.124143 0.0744858
0.674308 -8.12734 -4.87641 1.01815 0.186768 0.112061
1.35072 -7.98168 -4.78901 1.01015 0.25035 0.15021
2.0199 -7.79341 -4.67604 0.996414 0.314546 0.188728
2.67795 -7.56223 -4.53734 0.976689 0.378969 0.227381
3.32078 -7.28816 -4.3729 0.950735 0.44318 0.265908
3.94417 -6.97148 -4.18289 0.91836 0.506692 0.304015
4.54381 -6.61284 -3.9677 0.879427 0.568972 0.341383
5.11528 -6.21325 -3.72795 0.833869 0.629444 0.377666
5.65417 -5.77412 -3.46447 0.781698 0.687493 0.412496
6.1561 -5.29727 -3.17836 0.72302 0.74248 0.445488
6.6168 -4.78496 -2.87098 0.658047 0.79375 0.47625
7.03217 -4.2399 -2.54394 0.5871 0.840646 0.504388
7.39837 -3.66521 -2.19913 0.510621 0.882529 0.529518
7.7119 -3.06444 -1.83866 0.429167 0.918796 0.551278
7.96964 -2.44151 -1.46491 0.343411 0.948898 0.569339
8.169 -1.80071 -1.08043 0.254131 0.972359 0.583416
8.3079 -1.14659 -0.687954 0.162197 0.9888 0.59328
8.38488 -0.483928 -0.290357 0.0685458 0.997945 0.598767
8.39913 0.182353 0.109412 -0.0258356 0.99964 0.599784
8.35049 0.84727 0.508362 -0.119941 0.993857 0.596314
8.23949 1.50586 0.903517 -0.212773 0.980693 0.588416
8.06729 2.15328 1.29197 -0.303367 0.96037 0.576222
7.8357 2.78484 1.67091 -0.390821 0.933222 0.559933
7.54708 3.39616 2.03769 -0.474313 0.899683 0.53981
7.20432 3.98312 2.38987 -0.553121 0.860272 0.516163
6.81076 4.54202 2.72521 -0.626635 0.815568 0.489341
6.37009 5.06952 3.04171 -0.69436 0.766198 0.459719
5.88631 5.56273 3.33764 -0.755922 0.712813 0.427688
5.36362 6.01919 3.61152 -0.811058 0.65607 0.393642
4.80636 6.43689 3.86213 -0.859618 0.596618 0.357971
4.21893 6.81422 4.08853 -0.901548 0.535083 0.32105
3.60575 7.15001 4.29 -0.936879 0.47206 0.283236
2.97119 7.44343 4.46606 -0.96572 0.408103 0.244862
2.31953 7.69405 4.61643 -0.988239 0.343719 0.206231
1.65489 7.90174 4.74104 -1.00465 0.279369 0.167621
0.981282 8.06665 4.83999 -1.01522 0.215464 0.129278
0.302501 8.1892 4.91352 -1.02021 0.152367 0.0914202
-0.377839 8.27005 4.96203 -1.01994 0.0903932 0.0542359
-1.05633 8.31004 4.98602 -1.01472 0.0298149 0.017889
-1.72977 8.31017 4.9861 -1.00484 -0.0291364 -0.0174818
-2.39517 8.2716 4.96296 -0.990644 -0.0862664 -0.0517598
-3.04974 8.19559 4.91735 -0.97242 -0.141414 -0.0848483
-3.69091 8.08351 4.85011 -0.950471 -0.194447 -0.116668
-4.31628 7.93682 4.76209 -0.925084 -0.24526 -0.147156
-4.92365 7.75701 4.65421 -0.896532 -0.29377 -0.176262
-5.51101 7.54565 4.52739 -0.865078 -0.339912 -0.203947
-6.07651 7.30433 4.3826 -0.830966 -0.383639 -0.230184
-6.61844 7.03467 4.2208 -0.794428 -0.424917 -0.25495
-7.13526 6.73832 4.04299 -0.755684 -0.463724 -0.278234
-7.62557 6.41692 3.85015 -0.714937 -0.500046 -0.300028
-8.08811 6.07214 3.64329 -0.672378 -0.533878 -0.320327
-8.52172 5.70564 3.42338 -0.628185 -0.565219 -0.339131
-8.92537 5.31907 3.19144 -0.582527 -0.594075 -0.356445
-9.29814 4.91408 2.94845 -0.535559 -0.620453 -0.372272
-9.63919 4.49234 2.6954 -0.487428 -0.644363 -0.386618
-9.94782 4.05547 2.43328 -0.438271 -0.665818 -0.399491
-10.2234 3.60512 2.16307 -0.388219 -0.68483 -0.410898
-10.4653 3.1429 1.88574 -0.337394 -0.701409 -0.420846
-10.6731 2.67044 1.60227 -0.285912 -0.715569 -0.429342
-10.8464 2.18934 1.31361 -0.233884 -0.72732 -0.436392
-10.9848 1.70121 1.02073 -0.181417 -0.736672 -0.442003
-11.0882 1.20764 0.724584 -0.128614 -0.743631 -0.446179
-11.1563 0.710227 0.426136 -0.0755745 -0.748205 -0.448923
-11.1889 0.210559 0.126335 -0.0223975 -0.750396 -0.450238
-11.1861 -0.289777 -0.173866 0.0308201 -0.750208 -0.450125
-11.1478 -0.789194 -0.473517 0.0839816 -0.747639 -0.448583
-11.0742 -1.28611 -0.771663 0.13699 -0.742688 -0.445613
-10.9652 -1.77892 -1.06735 0.189746 -0.73535 -0.44121
-10.8213 -2.26605 -1.35963 0.242151 -0.72562 -0.435372
-10.6425 -2.74588 -1.64753 0.294099 -0.713488 -0.428093
-10.4292 -3.21683 -1.9301 0.345485 -0.698946 -0.419367
-10.182 -3.67728 -2.20637 0.396195 -0.681982 -0.409189
-9.90116 -4.1256 -2.47536 0.446114 -0.662584 -0.397551
-9.58736 -4.56018 -2.73611 0.495116 -0.640741 -0.384445
-9.24123 -4.97938 -2.98763 0.543073 -0.616441 -0.369865
-8.86352 -5.38156 -3.22894 0.589843 -0.589671 -0.353803
-8.45507 -5.76507 -3.45904 0.63528 -0.560423 -0.336254
-8.01681 -6.12824 -3.67695 0.679225 -0.528688 -0.317213
-7.5498 -6.46943 -3.88166 0.721509 -0.494462 -0.296677
-7.0552 -6.78698 -4.07219 0.761952 -0.457746 -0.274648
-6.53431 -7.07921 -4.24753 0.80036 -0.418548 -0.251129
-5.98855 -7.34449 -4.4067 0.836528 -0.376881 -0.226128
-5.41948 -7.58118 -4.54871 0.870235 -0.332769 -0.199661
-4.82883 -7.78765 -4.67259 0.901247 -0.286249 -0.171749
-4.21847 -7.96232 -4.77739 0.929315 -0.23737 -0.142422
-3.59045 -8.10364 -4.86218 0.954176 -0.186201 -0.11172
-2.947 -8.2101 -4.92606 0.975555 -0.132826 -0.0796954
-2.29054 -8.28028 -4.96817 0.993162 -0.0773557 -0.0464134
-1.62368 -8.31281 -4.98769 1.0067 -0.0199267 -0.011956
-0.949242 -8.30645 -4.98387 1.01586 0.0392951 0.0235771
-0.270244 -8.26006 -4.95604 1.02032 0.10011 0.0600658
0.410078 -8.17267 -4.9036 1.01978 0.16228 0.0973678
1.08828 -8.04345 -4.82607 1.01392 0.225526 0.135316
1.76073 -7.8718 -4.72308 1.00245 0.289526 0.173715
2.42358 -7.65733 -4.5944 0.985086 0.353908 0.212345
3.07282 -7.39992 -4.43995 0.961581 0.418256 0.250954
3.70428 -7.09976 -4.25986 0.931724 0.4821 0.28926
4.31368 -6.75735 -4.05441 0.895354 0.544925 0.326955
4.89662 -6.37354 -3.82413 0.852377 0.60617 0.363702
5.44871 -5.9496 -3.56976 0.802772 0.665235 0.399141
5.96554 -5.48718 -3.29231 0.746608 0.72149 0.432894
6.44277 -4.98838 -2.99303 0.684053 0.774284 0.46457
6.87625 -4.45572 -2.67343 0.615386 0.822958 0.493775
7.26202 -3.89216 -2.33529 0.541001 0.866865 0.520119
7.59643 -3.30109 -1.98065 0.46141 0.905385 0.543231
7.87622 -2.6863 -1.61178 0.377242 0.937946 0.562768
8.09857 -2.05192 -1.23115 0.289237 0.964042 0.578425
8.2612 -1.40243 -0.841458 0.198229 0.983253 0.589952
8.36241 -0.742515 -0.445509 0.105132 0.995262 0.597157
8.40113 -0.077054 -0.0462324 0.0109171 0.999867 0.59992
8.37695 0.588984 0.35339 -0.083414 0.99699 0.598194
8.29011 1.25062 0.750372 -0.176857 0.986679 0.592007
8.14155 1.90295 1.14177 -0.268432 0.969109 0.581465
7.93282 2.54122 1.52473 -0.357209 0.944571 0.566742
7.66608 3.16092 1.89655 -0.442333 0.913463 0.548078
7.34403 3.75783 2.2547 -0.523042 0.876271 0.525763
6.96982 4.32806 2.59684 -0.598681 0.833556 0.500134
6.54703 4.86815 2.92089 -0.668709 0.785927 0.471556
6.07954 5.37502 3.22501 -0.732706 0.734028 0.440417
5.57149 5.84605 3.50763 -0.790366 0.678515 0.407109
5.02717 6.27905 3.76743 -0.841497 0.620042 0.372025
4.45096 6.67226 4.00336 -0.886008 0.559246 0.335548
3.84729 7.02434 4.2146 -0.923899 0.496736 0.298041
3.22054 7.33433 4.4006 -0.955249 0.43308 0.259848
2.57504 7.60165 4.56099 -0.980206 0.368806 0.221283
1.91497 7.82604 4.69562 -0.998968 0.304392 0.182635
1.2444 8.00757 4.80454 -1.01178 0.24027 0.144162
0.567194 8.14655 4.88793 -1.01891 0.176819 0.106091
-0.112953 8.24355 4.94613 -1.02065 0.114374 0.0686245
-0.792551 8.29934 4.9796 -1.01732 0.053224 0.0319344
-1.46832 8.31486 4.98892 -1.00922 -0.00638489 -0.00383094
-2.13719 8.29122 4.97473 -0.996665 -0.064244 -0.0385464
-2.79629 8.22963 4.93778 -0.979972 -0.12018 -0.0721078
-3.44297 8.13144 4.87886 -0.95944 -0.174049 -0.10443
-4.07477 7.99805 4.79883 -0.935358 -0.225737 -0.135442
-4.6894 7.83096 4.69857 -0.908008 -0.275152 -0.165091
-5.28478 7.6317 4.57902 -0.877655 -0.322222 -0.193333
-5.859 7.40186 4.44112 -0.84455 -0.366894 -0.220136
-6.4103 7.14305 4.28583 -0.808932 -0.409128 -0.245477
-6.93707 6.8569 4.11414 -0.771023 -0.448899 -0.269339
-7.43787 6.54507 3.92704 -0.731033 -0.486189 -0.291713
-7.91137 6.2092 3.72552 -0.689159 -0.52099 -0.312594
-8.35638 5.85096 3.51058 -0.645583 -0.553301 -0.331981
