8.32928 0.997193 0.598316 -0.141156 0.991591 0.594955
8.11881 1.97768 1.18661 -0.278953 0.966684 0.58001
7.77355 2.92537 1.75522 -0.410236 0.926206 0.555724
7.30144 3.82538 2.29523 -0.532234 0.87161 0.522966
6.71294 4.66449 2.7987 -0.642687 0.804744 0.482846
6.02048 5.43147 3.25888 -0.73992 0.727708 0.436625
5.23787 6.11725 3.67035 -0.822849 0.642709 0.385626
4.37973 6.71497 4.02898 -0.890947 0.551934 0.33116
3.46094 7.21989 4.33193 -0.944172 0.457445 0.274467
2.49623 7.62925 4.57755 -0.982874 0.361113 0.216668
1.49982 7.94205 4.76523 -1.0077 0.264577 0.158746
0.485175 8.1588 4.89528 -1.0195 0.169229 0.101537
-0.535166 8.28129 4.96877 -1.01926 0.0762183 0.045731
-1.54968 8.31233 4.9874 -1.00803 -0.0135314 -0.00811886
-2.54791 8.25555 4.95333 -0.986852 -0.0992983 -0.059579
-3.52042 8.11524 4.86914 -0.956774 -0.180534 -0.10832
-4.45882 7.89613 4.73768 -0.918783 -0.256835 -0.154101
-5.35566 7.60331 4.56199 -0.873803 -0.327917 -0.19675
-6.20438 7.2421 4.34526 -0.822693 -0.39359 -0.236154
-6.99926 6.81797 4.09078 -0.766237 -0.453738 -0.272243
-7.73531 6.33649 3.80189 -0.705148 -0.508299 -0.304979
-8.40823 5.80324 3.48195 -0.640073 -0.557253 -0.334352
-9.01432 5.22385 3.13431 -0.571598 -0.600608 -0.360365
-9.55047 4.60389 2.76233 -0.500251 -0.638389 -0.383033
-10.014 3.94892 2.36935 -0.426513 -0.670634 -0.40238
-10.4028 3.26445 1.95867 -0.350824 -0.697383 -0.41843
-10.7152 2.55597 1.53358 -0.273587 -0.718676 -0.431206
-10.9496 1.8289 1.09734 -0.195178 -0.73455 -0.44073
-11.1052 1.08866 0.653199 -0.115951 -0.745034 -0.44702
-11.1814 0.340627 0.204376 -0.0362457 -0.750147 -0.450088
-11.1777 -0.409843 -0.245906 0.0436081 -0.7499 -0.44994
-11.0942 -1.15739 -0.694431 0.123283 -0.744292 -0.446575
-10.9313 -1.89664 -1.13798 0.202449 -0.733312 -0.439987
-10.6896 -2.62221 -1.57333 0.280764 -0.716939 -0.430164
-10.3702 -3.32871 -1.99722 0.357875 -0.695144 -0.417086
-9.97438 -4.01068 -2.40641 0.433401 -0.66789 -0.400734
-9.50402 -4.66265 -2.79759 0.506937 -0.635136 -0.381082
-8.96131 -5.2791 -3.16746 0.578039 -0.596842 -0.358105
-8.34892 -5.85448 -3.51269 0.646223 -0.552972 -0.331783
-7.67002 -6.38318 -3.82991 0.710955 -0.503501 -0.302101
-6.92835 -6.85961 -4.11577 0.771644 -0.448424 -0.269054
-6.12829 -7.27817 -4.3669 0.827638 -0.387764 -0.232658
-5.27488 -7.6333 -4.57998 0.878217 -0.321586 -0.192952
-4.37393 -7.91954 -4.75172 0.922588 -0.250014 -0.150009
-3.43206 -8.13159 -4.87896 0.959889 -0.173245 -0.103947
-2.45682 -8.2644 -4.95864 0.989188 -0.0915739 -0.0549443
-1.45668 -8.31324 -4.98795 1.00949 -0.0054153 -0.00324918
-0.441182 -8.27392 -4.96435 1.01976 0.0846671 0.0508003
0.579129 -8.14285 -4.88571 1.01893 0.177934 0.10676
1.59263 -7.9173 -4.75038 1.00597 0.273442 0.164065
2.58669 -7.5956 -4.55736 0.979895 0.37002 0.222012
3.54777 -7.17737 -4.30642 0.939879 0.466254 0.279752
4.46159 -6.66376 -3.99826 0.885294 0.560481 0.336289
5.31339 -6.05771 -3.63462 0.815821 0.650812 0.390487
6.08829 -5.36413 -3.21848 0.731546 0.735168 0.441101
6.77173 -4.59009 -2.75405 0.633043 0.811358 0.486815
7.35001 -3.74487 -2.24692 0.521448 0.877179 0.526307
7.81084 -2.83989 -1.70393 0.398494 0.930547 0.558328
8.14397 -1.88854 -1.13312 0.26649 0.969644 0.581786
8.34173 -0.905832 -0.543499 0.12825 0.993062 0.595837
8.39945 0.0920614 0.0552369 -0.013047 0.999926 0.599955
8.31574 1.08841 0.653044 -0.154031 0.989975 0.593985
8.09261 2.06653 1.23992 -0.291354 0.963588 0.578153
7.7353 3.01042 1.80625 -0.421889 0.921743 0.553046
7.25201 3.90535 2.34321 -0.542909 0.865936 0.519562
6.6534 4.73827 2.84296 -0.652205 0.798045 0.478827
5.95206 5.49812 3.29887 -0.748157 0.720184 0.432111
5.16188 6.17605 3.70563 -0.829734 0.634565 0.380739
4.29754 6.76539 4.05924 -0.896459 0.543366 0.32602
3.37392 7.26161 4.35696 -0.948327 0.448633 0.26918
2.40572 7.6621 4.59726 -0.985721 0.352219 0.211331
1.40708 7.96602 4.77961 -1.00931 0.255739 0.153444
0.39141 8.17402 4.90441 -1.01996 0.160563 0.0963379
-0.628858 8.28796 4.97278 -1.01867 0.0678184 0.0406911
-1.64229 8.31077 4.98646 -1.00647 -0.0215912 -0.0129547
-2.63853 8.24613 4.94768 -0.98444 -0.106961 -0.0641765
-3.60824 8.09837 4.85902 -0.953595 -0.187757 -0.112654
-4.54311 7.87227 4.72336 -0.914924 -0.263587 -0.158152
-5.43578 7.57294 4.54377 -0.869347 -0.334178 -0.200507
-6.27979 7.20573 4.32344 -0.817715 -0.399347 -0.239608
-7.06945 6.7761 4.06566 -0.760805 -0.458982 -0.275389
-7.79987 6.28963 3.77378 -0.699325 -0.513027 -0.307816
-8.46679 5.75191 3.45115 -0.633915 -0.561466 -0.336879
-9.06659 5.16856 3.10114 -0.565156 -0.604307 -0.362584
-9.59617 4.54516 2.72709 -0.493571 -0.641577 -0.384946
-10.0529 3.88725 2.33235 -0.419638 -0.673315 -0.403989
-10.4348 3.20035 1.92021 -0.343791 -0.699562 -0.419737
-10.74 2.48994 1.49397 -0.266432 -0.720356 -0.432214
-10.9673 1.76145 1.05687 -0.187935 -0.735734 -0.44144
-11.1156 1.02027 0.612163 -0.108651 -0.745723 -0.447434
-11.1844 0.271791 0.163075 -0.02892 -0.750344 -0.450207
-11.1734 -0.47863 -0.287178 0.0509298 -0.749605 -0.449763
-11.0827 -1.22563 -0.73538 0.130571 -0.743505 -0.446103
-10.9125 -1.96385 -1.17831 0.209671 -0.732032 -0.439219
-10.6636 -2.6879 -1.61274 0.287891 -0.715164 -0.429098
-10.3371 -3.39237 -2.03542 0.364871 -0.69287 -0.415722
-9.9344 -4.07182 -2.44309 0.440231 -0.665114 -0.399068
-9.45732 -4.72076 -2.83246 0.513561 -0.631854 -0.379112
-8.9081 -5.33368 -3.20021 0.584416 -0.593051 -0.35583
-8.28947 -5.905 -3.543 0.652306 -0.548669 -0.329201
-7.60466 -6.42915 -3.85749 0.716692 -0.498685 -0.299211
-6.85745 -6.9005 -4.1403 0.776978 -0.443095 -0.265857
-6.05229 -7.31348 -4.38809 0.832506 -0.381927 -0.229156
-5.19427 -7.66252 -4.59751 0.882549 -0.31525 -0.18915
-4.28928 -7.94218 -4.76531 0.926309 -0.243194 -0.145916
-3.34404 -8.14718 -4.88831 0.962917 -0.165963 -0.0995778
-2.36614 -8.27249 -4.96349 0.991433 -0.0838624 -0.0503174
-1.3642 -8.31343 -4.98806 1.01086 0.00268019 0.00160811
-0.347803 -8.26584 -4.9595 1.02015 0.0930866 0.055852
0.672379 -8.12621 -4.87573 1.01826 0.1866 0.11196
1.68464 -7.89192 -4.73515 1.00413 0.282257 0.169354
2.67625 -7.56138 -4.53683 0.976821 0.378865 0.227319
3.6336 -7.13435 -4.28061 0.935494 0.474986 0.284992
4.54236 -6.61213 -3.96728 0.879555 0.568938 0.341363
5.38774 -5.99783 -3.5987 0.808718 0.658809 0.395286
6.15487 -5.29657 -3.17794 0.72311 0.74251 0.445506
6.82924 -4.5156 -2.70936 0.623354 0.817841 0.490705
7.39725 -3.66441 -2.19865 0.510641 0.882605 0.529563
7.84679 -2.7546 -1.65276 0.386757 0.934738 0.560843
8.16782 -1.79974 -1.07985 0.254061 0.972451 0.583471
8.35292 -0.814969 -0.488981 0.115406 0.994383 0.59663
8.39772 0.18348 0.110088 -0.0260018 0.999711 0.599826
8.30113 1.17884 0.707306 -0.166787 0.988232 0.592939
8.06547 2.15448 1.29269 -0.303612 0.960382 0.576229
7.69626 3.09449 1.85669 -0.433382 0.917194 0.550316
7.20195 3.98426 2.39056 -0.553412 0.8602 0.51612
6.59341 4.81092 2.88655 -0.661545 0.791308 0.474785
5.88336 5.56362 3.33817 -0.756216 0.712647 0.427588
5.0858 6.2337 3.74022 -0.836448 0.626431 0.375858
4.21542 6.81469 4.08881 -0.901808 0.534827 0.320896
3.28713 7.30224 4.38134 -0.952333 0.439869 0.263921
2.31557 7.69392 4.61635 -0.988433 0.343386 0.206032
1.31484 7.98903 4.79342 -1.0108 0.246974 0.148184
0.29825 8.18834 4.91301 -1.02032 0.151978 0.0911866
-0.721849 8.29383 4.9763 -1.01799 0.0595043 0.0357026
-1.73412 8.30849 4.98509 -1.00485 -0.0295617 -0.017737
-2.7283 8.23608 4.94165 -0.981971 -0.114532 -0.0687194
-3.69516 8.08096 4.84858 -0.950372 -0.194888 -0.116933
-4.62647 7.84797 4.70878 -0.911034 -0.270249 -0.16215
-5.51495 7.54222 4.52533 -0.864871 -0.340351 -0.20421
-6.35422 7.16908 4.30145 -0.812727 -0.405017 -0.24301
-7.13867 6.73403 4.04042 -0.755372 -0.464143 -0.278486
-7.86346 6.24266 3.74559 -0.693509 -0.517676 -0.310606
-8.5244 5.70055 3.42033 -0.627772 -0.565603 -0.339362
-9.11791 5.11332 3.06799 -0.558735 -0.607933 -0.36476
-9.64094 4.48654 2.69192 -0.486918 -0.644698 -0.386819
-10.091 3.82576 2.29546 -0.412794 -0.675933 -0.40556
-10.4659 3.1365 1.8819 -0.336794 -0.70168 -0.421008
-10.7641 2.42422 1.45453 -0.259317 -0.721979 -0.433187
-10.9842 1.69435 1.01661 -0.180735 -0.736864 -0.442118
-11.1253 0.952288 0.571373 -0.101398 -0.746364 -0.447818
-11.1868 0.203412 0.122047 -0.0216438 -0.750496 -0.450297
-11.1685 -0.546917 -0.32815 0.0581994 -0.749269 -0.449561
-11.0705 -1.29334 -0.776003 0.137804 -0.74268 -0.445608
-10.8931 -2.03048 -1.21829 0.216837 -0.730716 -0.43843
-10.6371 -2.75297 -1.65178 0.294958 -0.713355 -0.428013
-10.3036 -3.45539 -2.07323 0.371805 -0.690566 -0.41434
-9.89408 -4.13228 -2.47937 0.446997 -0.662311 -0.397386
-9.41033 -4.77817 -2.8669 0.52012 -0.628548 -0.377129
-8.85468 -5.38753 -3.23252 0.590725 -0.589239 -0.353544
-8.22989 -5.95479 -3.57287 0.658318 -0.544349 -0.326609
-7.53923 -6.47436 -3.88462 0.722355 -0.493855 -0.296313
-6.78656 -6.94063 -4.16438 0.782236 -0.437757 -0.262654
-5.97637 -7.34801 -4.40881 0.837295 -0.376085 -0.225651
-5.11382 -7.69097 -4.61458 0.8868 -0.308913 -0.185348
-4.20489 -7.96405 -4.77843 0.929946 -0.236377 -0.141826
-3.25634 -8.162 -4.8972 0.965857 -0.15869 -0.0952142
-2.2759 -8.27982 -4.96789 0.993588 -0.0761672 -0.0457003
-1.27223 -8.31287 -4.98772 1.01214 0.010752 0.00645118
-0.255035 -8.25705 -4.95423 1.02046 0.101474 0.0608843
0.764923 -8.10891 -4.86535 1.01749 0.195224 0.117134
1.77584 -7.86591 -4.71955 1.00221 0.291019 0.174611
2.76491 -7.52659 -4.51596 0.973651 0.387644 0.232587
3.71845 -7.09083 -4.2545 0.931017 0.483641 0.290184
4.62206 -6.56009 -3.93605 0.873731 0.577302 0.346381
5.46094 -5.93765 -3.56259 0.801541 0.666701 0.40002
6.22022 -5.22881 -3.13729 0.714615 0.749731 0.449839
6.88547 -4.44104 -2.66462 0.613625 0.824191 0.494515
7.44319 -3.58402 -2.15041 0.499816 0.887889 0.532734
7.88144 -2.66954 -1.60172 0.375027 0.93878 0.563268
8.19039 -1.71131 -1.02679 0.241667 0.975109 0.585065
8.36288 -0.724618 -0.434771 0.102628 0.995557 0.597334
8.39482 0.274243 0.164546 -0.038862 0.999357 0.599614
8.28546 1.26849 0.761095 -0.179421 0.986365 0.591819
8.0374 2.24153 1.34492 -0.315727 0.957072 0.574243
7.65645 3.17756 1.90654 -0.444715 0.912561 0.547537
7.1513 4.0621 2.43726 -0.563744 0.854405 0.512643
6.53299 4.88246 2.92948 -0.67071 0.784537 0.470722
5.81441 5.62799 3.37679 -0.764101 0.7051 0.42306
5.00963 6.29021 3.77413 -0.842992 0.618308 0.370985
4.13339 6.86287 4.11772 -0.906997 0.52632 0.315792
3.20058 7.34179 4.40508 -0.956191 0.431152 0.258691
2.2258 7.72472 4.63483 -0.991013 0.334615 0.200769
1.22311 8.01109 4.80666 -1.01218 0.238281 0.142968
0.205704 8.20179 4.92108 -1.02058 0.143472 0.0860835
-0.814133 8.29891 4.97935 -1.01722 0.0512761 0.0307656
-1.82517 8.30551 4.9833 -1.00316 -0.0374431 -0.0224658
-2.81724 8.22541 4.93525 -0.979447 -0.122013 -0.073208
-3.78119 8.06303 4.83782 -0.947108 -0.201929 -0.121157
-4.7089 7.82323 4.69394 -0.907115 -0.276822 -0.166093
-5.59317 7.51115 4.50669 -0.860377 -0.346435 -0.207861
-6.42769 7.13217 4.2793 -0.80773 -0.410602 -0.246361
-7.20692 6.6918 4.01508 -0.74994 -0.469222 -0.281533
-7.92609 6.19559 3.71736 -0.687702 -0.522247 -0.313348
-8.58105 5.64917 3.3895 -0.621644 -0.569665 -0.341799
-9.16829 5.05813 3.03488 -0.552335 -0.611489 -0.366894
-9.68481 4.42805 2.65683 -0.480292 -0.647751 -0.38865
-10.1281 3.76447 2.25868 -0.405981 -0.678486 -0.407092
-10.4962 3.0729 1.84374 -0.329833 -0.703738 -0.422243
-10.7873 2.35881 1.41529 -0.252243 -0.723545 -0.434127
-11.0003 1.62762 0.976569 -0.173579 -0.737942 -0.442765
-11.1342 0.884719 0.530831 -0.0941921 -0.746955 -0.448173
-11.1885 0.135494 0.0812962 -0.0144173 -0.750602 -0.450361
-11.163 -0.614699 -0.368819 0.0654165 -0.74889 -0.449334
-11.0578 -1.3605 -0.816299 0.144982 -0.741816 -0.445089
-10.8733 -2.09654 -1.25792 0.223946 -0.729365 -0.437619
-10.6102 -2.81743 -1.69046 0.301965 -0.711515 -0.426909
-10.2698 -3.51776 -2.11065 0.378678 -0.688233 -0.41294
-9.85343 -4.19207 -2.51524 0.453699 -0.659482 -0.395689
-9.36308 -4.83489 -2.90093 0.526612 -0.62522 -0.375132
-8.80106 -5.44066 -3.2644 0.596965 -0.585409 -0.351245
-8.17017 -6.00384 -3.6023 0.664258 -0.540013 -0.324008
-7.47375 -6.51882 -3.91129 0.727945 -0.489013 -0.293408
-6.71569 -6.98 -4.188 0.787417 -0.43241 -0.259446
-5.90054 -7.38178 -4.42907 0.842005 -0.370238 -0.222143
-5.03355 -7.71864 -4.63119 0.890968 -0.302576 -0.181546
-4.12075 -7.98515 -4.79109 0.933497 -0.229566 -0.137739
-3.169 -8.17607 -4.90564 0.968709 -0.151429 -0.0908571
-2.18609 -8.28641 -4.97185 0.995652 -0.0684894 -0.0410936
-1.18078 -8.31159 -4.98696 1.01332 0.0187989 0.0112793
-0.162887 -8.24756 -4.94854 1.02066 0.109828 0.0658966
0.856751 -8.09095 -4.85457 1.01663 0.203805 0.122283
1.86623 -7.8393 -4.70358 1.00018 0.299727 0.179836
2.85267 -7.49126 -4.49476 0.970388 0.396358 0.237815
3.80229 -7.04684 -4.2281 0.926452 0.492216 0.29533
4.70067 -6.50766 -3.9046 0.867826 0.585574 0.351344
5.53297 -5.87717 -3.5263 0.794294 0.674485 0.404691
6.28435 -5.16088 -3.09653 0.706064 0.756832 0.454099
6.94043 -4.36643 -2.61986 0.603859 0.830409 0.498246
7.48784 -3.50371 -2.10223 0.488976 0.893032 0.535819
7.91479 -2.5847 -1.55082 0.363309 0.942675 0.565605
8.21167 -1.62327 -0.97396 0.229313 0.977617 0.58657
8.37161 -0.634794 -0.380876 0.0899182 0.996587 0.597952
8.39079 0.364338 0.218603 -0.051625 0.998869 0.599321
8.26877 1.35735 0.814407 -0.191933 0.984378 0.590627
8.00844 2.32768 1.39661 -0.327698 0.953661 0.572196
7.61591 3.25963 1.95578 -0.455887 0.907849 0.544709
7.10007 4.13888 2.48333 -0.573905 0.848554 0.509133
6.47218 4.9529 2.97174 -0.679699 0.777735 0.466641
5.74524 5.69122 3.41473 -0.771811 0.697546 0.418527
4.93341 6.3456 3.80736 -0.849369 0.610199 0.366119
4.05147 6.90995 4.14597 -0.912029 0.517846 0.310707
3.11429 7.38029 4.42818 -0.959905 0.422485 0.253491
2.13644 7.75452 4.65271 -0.993464 0.325907 0.195544
1.13189 8.03222 4.81933 -1.01344 0.229661 0.137796
0.113783 8.21439 4.92863 -1.02074 0.135048 0.0810288
-0.905703 8.30322 4.98193 -1.01638 0.0431335 0.0258801
-1.91543 8.30184 4.9811 -1.0014 -0.0452356 -0.0271414
-2.90532 8.21415 4.92849 -0.976871 -0.129404 -0.0776425
-3.86633 8.0446 4.82676 -0.943804 -0.20888 -0.125328
-4.79041 7.79807 4.67884 -0.903169 -0.283305 -0.169983
-5.67044 7.47976 4.48785 -0.855866 -0.352433 -0.21146
-6.50019 7.09503 4.25702 -0.802727 -0.416103 -0.249662
-7.27421 6.6494 3.98964 -0.74451 -0.47422 -0.284532
-7.98775 6.14845 3.68907 -0.681904 -0.52674 -0.316044
-8.63676 5.59779 3.35867 -0.615532 -0.573653 -0.344192
-9.21775 5.00301 3.00181 -0.545958 -0.614975 -0.368985
-9.72778 4.36969 2.62182 -0.473693 -0.650737 -0.390442
-10.1644 3.70338 2.22203 -0.399202 -0.680978 -0.408587
-10.5256 3.00956 1.80574 -0.32291 -0.705738 -0.423443
-10.8097 2.29371 1.37623 -0.245209 -0.725057 -0.435034
-11.0157 1.56125 0.936751 -0.166468 -0.738969 -0.443381
-11.1424 0.817569 0.490542 -0.0870332 -0.747499 -0.448499
-11.1896 0.0680409 0.0408246 -0.00724087 -0.750664 -0.450399
-11.1569 -0.681973 -0.409184 0.0725811 -0.748471 -0.449082
-11.0445 -1.42711 -0.856268 0.152105 -0.740914 -0.444549
-10.8529 -2.16201 -1.29721 0.230997 -0.72798 -0.436788
-10.5829 -2.88127 -1.72876 0.308913 -0.709644 -0.425786
-10.2355 -3.57948 -2.14769 0.385489 -0.685873 -0.411524
-9.81247 -4.25119 -2.55072 0.460337 -0.656629 -0.393977
-9.31558 -4.8909 -2.93454 0.533038 -0.621871 -0.373122
-8.74726 -5.49308 -3.29585 0.603136 -0.581559 -0.348936
-8.11035 -6.05216 -3.6313 0.670128 -0.535662 -0.321397
-7.40822 -6.56254 -3.93752 0.733461 -0.48416 -0.290496
-6.64485 -7.01861 -4.21117 0.792523 -0.427056 -0.256233
-5.82483 -7.41479 -4.44888 0.846636 -0.364388 -0.218633
-4.95347 -7.74556 -4.64734 0.895056 -0.29624 -0.177744
-4.03688 -8.0055 -4.8033 0.936965 -0.222761 -0.133656
-3.08201 -8.18938 -4.91363 0.971474 -0.144179 -0.0865073
-2.09672 -8.29226 -4.97536 0.997627 -0.0608301 -0.036498
-1.08988 -8.3096 -4.98576 1.01441 0.0268198 0.0160919
-0.0713676 -8.2374 -4.94244 1.02078 0.118147 0.0708882
0.947858 -8.07235 -4.84341 1.01567 0.212342 0.127405
1.95581 -7.8121 -4.68726 0.998068 0.30838 0.185028
2.93951 -7.45539 -4.47324 0.967034 0.405005 0.243003
3.88514 -7.00239 -4.20143 0.9218 0.500711 0.300427
4.7782 -6.45486 -3.87291 0.861842 0.593752 0.356251
5.60385 -5.81643 -3.48986 0.786978 0.682162 0.409297
6.34727 -5.09279 -3.05567 0.697459 0.763813 0.458288
6.99414 -4.29179 -2.57508 0.594058 0.836495 0.501897
7.5312 -3.42351 -2.05411 0.478125 0.898034 0.53882
7.94685 -2.50011 -1.50007 0.351605 0.946424 0.567854
8.23171 -1.53561 -0.921369 0.217002 0.97998 0.587988
8.37915 -0.545512 -0.327307 0.0772805 0.997474 0.598485
8.38565 0.453754 0.272252 -0.0642886 0.998249 0.598949
8.25108 1.4454 0.867237 -0.20432 0.982273 0.589364
7.97863 2.41291 1.44775 -0.339523 0.950151 0.570091
7.57465 3.3407 2.00442 -0.466899 0.903061 0.541837
7.0483 4.21459 2.52875 -0.583896 0.842652 0.505591
6.41099 5.02223 3.01334 -0.688515 0.770905 0.462543
5.67587 5.75334 3.45201 -0.779351 0.689986 0.413992
4.85716 6.39988 3.83993 -0.855581 0.602107 0.361264
3.96968 6.95595 4.17357 -0.916907 0.509407 0.305644
3.02827 7.41775 4.45065 -0.963478 0.41387 0.248322
2.04748 7.78334 4.67 -0.995788 0.317263 0.190358
1.0412 8.05243 4.83146 -1.01459 0.221114 0.132669
0.0224939 8.22615 4.93569 -1.02081 0.126704 0.0760226
-0.996554 8.30677 4.98406 -1.01545 0.0350768 0.0210461
-2.0049 8.29751 4.97851 -0.999578 -0.0529397 -0.0317638
-2.99256 8.20231 4.92139 -0.974244 -0.136705 -0.0820232
-3.95057 8.02568 4.81541 -0.940463 -0.215741 -0.129445
-4.87099 7.77252 4.66351 -0.899196 -0.289701 -0.17382
-5.74677 7.44805 4.46883 -0.85134 -0.358345 -0.215007
-6.57175 7.05765 4.23459 -0.797718 -0.421521 -0.252913
-7.34054 6.60686 3.96412 -0.739083 -0.479139 -0.287483
-8.04847 6.10124 3.66075 -0.676117 -0.531156 -0.318694
-8.69153 5.54641 3.32785 -0.609438 -0.577569 -0.346541
-9.2663 4.94797 2.96878 -0.539605 -0.618392 -0.371035
-9.76986 4.31148 2.58689 -0.467124 -0.653659 -0.392195
-10.1998 3.64249 2.18549 -0.392456 -0.683408 -0.410045
-10.5542 2.94649 1.7679 -0.316023 -0.707681 -0.424608
-10.8314 2.22894 1.33737 -0.238216 -0.726516 -0.435909
-11.0303 1.49526 0.897157 -0.1594 -0.739946 -0.443967
-11.15 0.750844 0.450506 -0.0799217 -0.747996 -0.448798
-11.19 0.00105741 0.000634448 -0.000114687 -0.750683 -0.45041
-11.1502 -0.748736 -0.449242 0.0796928 -0.748011 -0.448807
-11.0307 -1.49318 -0.895907 0.159173 -0.739976 -0.443986
-10.8321 -2.2269 -1.33614 0.237991 -0.726561 -0.435937
-10.5551 -2.9445 -1.7667 0.315801 -0.707742 -0.424645
-10.2009 -3.64057 -2.18434 0.392238 -0.683485 -0.410091
-9.7712 -4.30964 -2.58579 0.466911 -0.653751 -0.392251
-9.26785 -4.94623 -2.96774 0.539398 -0.6185 -0.3711
-8.69329 -5.54479 -3.32687 0.609239 -0.577693 -0.346616
-8.05042 -6.09975 -3.65985 0.675928 -0.531297 -0.318778
-7.34267 -6.60552 -3.96331 0.738905 -0.479296 -0.287577
-6.57405 -7.05648 -4.23389 0.797553 -0.421695 -0.253017
-5.74923 -7.44705 -4.46823 0.85119 -0.358535 -0.215121
-4.87359 -7.77172 -4.66303 0.899063 -0.289907 -0.173944
-3.9533 -8.02509 -4.81506 0.94035 -0.215963 -0.129578
-2.99539 -8.20196 -4.92117 0.974154 -0.136942 -0.0821652
-2.00781 -8.2974 -4.97844 0.999514 -0.0531904 -0.0319142
-0.999513 -8.30692 -4.98415 1.01541 0.0348136 0.0208881
0.0195152 -8.22656 -4.93594 1.0208 0.126431 0.0758584
1.03823 -8.05312 -4.83187 1.01462 0.220833 0.1325
2.04457 -7.78432 -4.67059 0.995859 0.316977 0.190186
3.02545 -7.41901 -4.45141 0.96359 0.413583 0.24815
3.96699 -6.9575 -4.1745 0.917063 0.509125 0.305475
4.85465 -6.4017 -3.84102 0.855782 0.601835 0.361101
5.67358 -5.75543 -3.45326 0.779597 0.689731 0.413839
6.40897 -5.02456 -3.01474 0.688805 0.770673 0.462404
7.04659 -4.21714 -2.53029 0.584227 0.84245 0.50547
7.57329 -3.34344 -2.00606 0.467266 0.902896 0.541737
7.97765 -2.41579 -1.44948 0.339919 0.950028 0.570017
8.25051 -1.44838 -0.869025 0.204737 0.982197 0.589318
8.38551 -0.456785 -0.274071 0.0647172 0.998223 0.598934
8.37943 0.54248 0.325488 -0.0768506 0.9975 0.5985
8.23242 1.53263 0.91958 -0.216581 0.980055 0.588033
7.94797 2.49723 1.49834 -0.351203 0.946548 0.567929
7.53271 3.42078 2.05247 -0.47775 0.898202 0.538921
6.99601 4.28925 2.57355 -0.593718 0.836702 0.502021
6.34946 5.09046 3.05428 -0.697159 0.764051 0.458431
5.60632 5.81436 3.48861 -0.786721 0.682426 0.409455
4.78091 6.45306 3.87184 -0.86163 0.594034 0.35642
3.88803 7.00088 4.20053 -0.921633 0.501006 0.300604
2.94255 7.45418 4.47251 -0.966912 0.405306 0.243184
1.95895 7.81119 4.68671 -0.997989 0.308684 0.18521
0.951053 8.07175 4.84305 -1.01563 0.212642 0.127585
-0.0681536 8.23709 4.94225 -1.02078 0.118442 0.0710651
-1.08668 8.30959 4.98575 -1.01445 0.0271056 0.0162634
-2.09357 8.29253 4.97552 -0.997693 -0.0605555 -0.0363333
-3.07894 8.18991 4.91395 -0.971569 -0.143917 -0.0863504
-4.03393 8.00628 4.80377 -0.937086 -0.222514 -0.133508
-4.95065 7.74659 4.64795 -0.8952 -0.296009 -0.177605
-5.82216 7.41604 4.44963 -0.846801 -0.364173 -0.218504
-6.64235 7.02007 4.21204 -0.792705 -0.426857 -0.256114
-7.40592 6.56418 3.93851 -0.73366 -0.483978 -0.290387
-8.10825 6.05398 3.63239 -0.670342 -0.535497 -0.321298
-8.74538 5.49506 3.29703 -0.603362 -0.581412 -0.348847
-9.31394 4.89302 2.93581 -0.533275 -0.621741 -0.373045
-9.81106 4.25343 2.55206 -0.460583 -0.656516 -0.39391
-10.2344 3.58182 2.14909 -0.385744 -0.685778 -0.411467
-10.582 2.8837 1.73022 -0.309175 -0.709567 -0.42574
-10.8523 2.1645 1.2987 -0.231265 -0.727921 -0.436752
-11.0442 1.42965 0.857793 -0.152378 -0.740873 -0.444524
-11.1568 0.684547 0.410728 -0.0728581 -0.748448 -0.449069
-11.1898 -0.065453 -0.0392718 0.006961 -0.75066 -0.450396
-11.1429 -0.814986 -0.488992 0.0867515 -0.747513 -0.448508
-11.0164 -1.55869 -0.935215 0.166185 -0.739002 -0.443401
-10.8108 -2.2912 -1.37472 0.244927 -0.72511 -0.435066
-10.5269 -3.00711 -1.80427 0.32263 -0.705811 -0.423486
-10.166 -3.701 -2.2206 0.398925 -0.681071 -0.408642
-9.72965 -4.36742 -2.62045 0.473421 -0.650851 -0.390511
-9.21989 -5.00087 -3.00052 0.545693 -0.61511 -0.369066
-8.63916 -5.59579 -3.35747 0.615275 -0.57381 -0.344286
-7.99041 -6.14662 -3.68797 0.681657 -0.526919 -0.316151
-7.2771 -6.64776 -3.98866 0.744276 -0.474422 -0.284653
-6.50332 -7.0936 -4.25616 0.802508 -0.416328 -0.249797
-5.67378 -7.47856 -4.48714 0.855666 -0.352681 -0.211609
-4.79393 -7.79714 -4.67829 0.90299 -0.283576 -0.170146
-3.87002 -8.04395 -4.82637 0.943651 -0.209173 -0.125504
-2.90915 -8.2138 -4.92828 0.976748 -0.129719 -0.0778316
-1.91936 -8.30182 -4.98109 1.00131 -0.0455715 -0.0273429
-0.909705 -8.30354 -4.98213 1.01633 0.0427791 0.0256674
0.109753 -8.21508 -4.92905 1.02073 0.134678 0.0808065
1.12788 -8.03329 -4.81997 1.01348 0.229278 0.137567
2.13249 -7.75597 -4.65358 0.99356 0.325517 0.19531
3.11047 -7.38214 -4.42928 0.960059 0.422093 0.253256
4.04784 -6.91219 -4.14731 0.912244 0.517458 0.310475
4.93002 -6.34822 -3.80893 0.849647 0.609824 0.365894
5.74216 -5.69421 -3.41652 0.772154 0.697192 0.418315
6.46947 -4.95622 -2.97373 0.680104 0.777413 0.466448
7.0978 -4.1425 -2.4855 0.574368 0.848274 0.508964
7.61413 -3.26351 -1.95811 0.456402 0.907619 0.544571
8.0072 -2.33176 -1.39905 0.328255 0.953489 0.572094
8.2681 -1.36156 -0.816939 0.192521 0.984273 0.590564
8.39072 -0.368627 -0.221176 0.0522311 0.998834 0.599301
8.37215 0.630507 0.378304 -0.0893089 0.996625 0.597975
8.21282 1.61905 0.971432 -0.228715 0.977727 0.586636
7.91651 2.58063 1.54838 -0.362736 0.942853 0.565712
7.49012 3.49985 2.09991 -0.488441 0.893273 0.535964
6.94323 4.36284 2.61771 -0.603372 0.830706 0.498424
6.28761 5.15761 3.09456 -0.705633 0.757176 0.454305
5.53663 5.87427 3.52456 -0.793924 0.674866 0.404919
4.70467 6.50515 3.90309 -0.86752 0.585982 0.351589
3.80656 7.04475 4.22685 -0.926211 0.492644 0.295586
2.85714 7.4896 4.49376 -0.970211 0.396797 0.238078
1.87085 7.83809 4.70285 -1.00007 0.30017 0.180102
0.861459 8.09018 4.85411 -1.01657 0.204245 0.122547
-0.158152 8.24723 4.94834 -1.02066 0.110261 0.0661564
-1.17607 8.31169 4.98701 -1.01337 0.01922 0.011532
-2.18145 8.28691 4.97215 -0.995749 -0.0680835 -0.0408501
-3.16448 8.17697 4.90618 -0.968848 -0.151041 -0.0906245
-4.11639 7.98643 4.79186 -0.933675 -0.229198 -0.137519
-5.02939 7.72028 4.63217 -0.891181 -0.30223 -0.181338
-5.89661 7.38376 4.43025 -0.842249 -0.369915 -0.221949
-6.71201 6.98228 4.18937 -0.78769 -0.432111 -0.259267
-7.47036 6.52139 3.91283 -0.728243 -0.488739 -0.293243
-8.16709 6.00667 3.604 -0.664579 -0.539764 -0.323858
-8.79831 5.44373 3.26624 -0.597305 -0.585185 -0.351111
-9.36068 4.83816 2.9029 -0.526971 -0.625023 -0.375014
-9.8514 4.19554 2.51732 -0.454073 -0.65931 -0.395586
-10.2681 3.52138 2.11283 -0.379066 -0.688088 -0.412853
-10.609 2.82118 1.69271 -0.302365 -0.711397 -0.426838
-10.8724 2.1004 1.26024 -0.224356 -0.729274 -0.437564
-11.0574 1.36443 0.818661 -0.145401 -0.741752 -0.445051
-11.163 0.618684 0.371211 -0.0658425 -0.748854 -0.449312
-11.189 -0.131487 -0.0788919 0.013986 -0.750595 -0.450357
-11.1351 -0.880719 -0.528431 0.0937572 -0.746977 -0.448186
-11.0016 -1.62365 -0.974191 0.173142 -0.737993 -0.442796
-10.789 -2.35491 -1.41295 0.251806 -0.723627 -0.434176
-10.4983 -3.0691 -1.84146 0.329398 -0.703851 -0.422311
-10.1307 -3.7608 -2.25648 0.405551 -0.678631 -0.407179
-9.68783 -4.42454 -2.65472 0.479868 -0.647928 -0.388757
-9.17172 -5.05481 -3.03289 0.551921 -0.611701 -0.367021
-8.58489 -5.64609 -3.38765 0.621242 -0.569911 -0.341947
-7.93032 -6.19277 -3.71566 0.687316 -0.522529 -0.313517
-7.21153 -6.68927 -4.01356 0.749575 -0.46954 -0.281724
-6.43265 -7.12999 -4.27799 0.807389 -0.410956 -0.246574
-5.59847 -7.50934 -4.5056 0.860065 -0.346827 -0.208096
-4.71449 -7.82182 -4.69309 0.906838 -0.27725 -0.16635
-3.78704 -8.06208 -4.83725 0.946871 -0.202393 -0.121436
-2.8233 -8.22493 -4.93496 0.979258 -0.122512 -0.0735072
-1.83139 -8.30555 -4.98333 1.00302 -0.0379744 -0.0227846
-0.82046 -8.2995 -4.9797 1.01715 0.0507152 0.0304291
0.199338 -8.20295 -4.92177 1.02058 0.142886 0.0857318
1.21677 -8.01285 -4.80771 1.01225 0.237675 0.142605
2.21959 -7.72709 -4.63625 0.991173 0.333998 0.200399
3.19457 -7.34478 -4.40687 0.956442 0.430532 0.258319
4.12768 -6.86647 -4.11988 0.907346 0.525708 0.315425
5.00432 -6.29442 -3.77665 0.843441 0.617717 0.37063
5.8096 -5.63277 -3.37966 0.764651 0.704545 0.422727
6.52878 -4.88777 -2.93266 0.671358 0.784032 0.470419
7.14778 -4.06789 -2.44073 0.564484 0.853966 0.51238
7.65372 -3.18374 -1.91024 0.445537 0.912204 0.547322
8.03552 -2.24803 -1.34882 0.316615 0.956809 0.574086
8.2845 -1.2752 -0.765118 0.180357 0.986207 0.591724
8.39481 -0.28105 -0.16863 0.0398245 0.999312 0.599587
8.36383 0.717823 0.430694 -0.101662 0.995627 0.597376
8.1923 1.70465 1.02279 -0.240721 0.975292 0.585175
7.88428 2.66311 1.59786 -0.374122 0.939072 0.563443
7.44691 3.57793 2.14676 -0.498972 0.88828 0.532968
6.88999 4.43539 2.66123 -0.612859 0.824669 0.494801
6.22547 5.22367 3.1342 -0.713938 0.750282 0.450169
5.46681 5.93309 3.55985 -0.800962 0.667309 0.400386
4.62846 6.55616 3.9337 -0.873253 0.577954 0.346773
3.72527 7.08758 4.25255 -0.930642 0.484322 0.290593
2.77206 7.52403 4.51442 -0.973377 0.388343 0.233006
1.78321 7.86405 4.71843 -1.00203 0.291723 0.175034
0.772426 8.10775 4.86465 -1.01741 0.195923 0.117554
-0.247493 8.25658 4.95395 -1.02046 0.102161 0.0612966
-1.26473 8.31308 4.98785 -1.01222 0.0114198 0.00685187
-2.26852 8.28069 4.96841 -0.993747 -0.0755241 -0.0453144
-3.24916 8.1635 4.8981 -0.966083 -0.158076 -0.0948457
-4.19796 7.96615 4.77969 -0.930233 -0.235795 -0.141477
-5.10722 7.69363 4.61618 -0.887142 -0.308366 -0.18502
-5.97013 7.3512 4.41072 -0.837687 -0.375575 -0.225345
-6.78074 6.94431 4.16659 -0.782672 -0.437285 -0.262371
-7.53386 6.47849 3.88709 -0.722832 -0.493423 -0.296054
-8.22501 5.95933 3.5756 -0.65883 -0.543956 -0.326374
-8.85034 5.39244 3.23547 -0.591268 -0.588888 -0.353333
-9.40655 4.78342 2.87005 -0.520691 -0.628238 -0.376943
-9.89088 4.13782 2.48269 -0.447593 -0.662042 -0.397225
-10.301 3.46117 2.0767 -0.372423 -0.69034 -0.414204
-10.6352 2.75896 1.65538 -0.295594 -0.713172 -0.427903
-10.8918 2.03663 1.22198 -0.21749 -0.730576 -0.438346
-11.0698 1.29961 0.779764 -0.138469 -0.742583 -0.44555
-11.1686 0.55326 0.331956 -0.0588753 -0.749217 -0.44953
-11.1875 -0.19704 -0.118224 0.02096 -0.750489 -0.450293
-11.1267 -0.945933 -0.56756 0.100709 -0.746403 -0.447842
-10.9862 -1.68806 -1.01283 0.180044 -0.736951 -0.44217
-10.7668 -2.41804 -1.45082 0.258627 -0.722114 -0.433268
-10.4693 -3.13048 -1.87829 0.336108 -0.701864 -0.421119
-10.0951 -3.81995 -2.29197 0.412115 -0.676168 -0.405701
-9.64574 -4.48099 -2.68859 0.486251 -0.644985 -0.386991
-9.12336 -5.10808 -3.06485 0.558084 -0.608274 -0.364964
-8.5305 -5.69568 -3.41741 0.627142 -0.565998 -0.339599
-7.87018 -6.23821 -3.74293 0.692906 -0.518127 -0.310876
-7.14598 -6.73006 -4.03804 0.754802 -0.46465 -0.27879
-6.36207 -7.16564 -4.29939 0.812195 -0.405581 -0.243349
-5.52332 -7.53938 -4.52363 0.864387 -0.340972 -0.204583
-4.63529 -7.84578 -4.70747 0.910606 -0.270928 -0.162557
-3.70438 -8.07948 -4.84769 0.950009 -0.195623 -0.117374
-2.73785 -8.23536 -4.94121 0.981683 -0.115321 -0.0691925
-1.74391 -8.30858 -4.98515 1.00465 -0.0304003 -0.0182402
-0.731788 -8.29479 -4.97687 1.01789 0.0586208 0.0351725
0.288262 -8.1902 -4.91412 1.02033 0.151056 0.0906338
1.30492 -7.99183 -4.7951 1.01093 0.246024 0.147614
2.30585 -7.69767 -4.6186 0.988698 0.34242 0.205452
3.27774 -7.30696 -4.38417 0.952742 0.438901 0.26334
4.20652 -6.82037 -4.09222 0.902369 0.533874 0.320325
5.07753 -6.24032 -3.74419 0.837166 0.625514 0.375308
5.87589 -5.57113 -3.34268 0.757091 0.711789 0.427073
6.5869 -4.81925 -2.89155 0.662573 0.790531 0.474319
7.19654 -3.99332 -2.39599 0.55458 0.859529 0.515718
7.69208 -3.10415 -1.86249 0.434674 0.916652 0.549991
8.06263 -2.16461 -1.29877 0.305004 0.959989 0.575994
8.29972 -1.18929 -0.713573 0.168248 0.988004 0.592802
8.39779 -0.194066 -0.11644 0.0275001 0.999658 0.599795
8.3545 0.804419 0.482652 -0.113907 0.994509 0.596705
8.17088 1.78941 1.07365 -0.252597 0.972753 0.583652
7.85128 2.74466 1.64679 -0.385361 0.935206 0.561124
7.40309 3.65501 2.193 -0.509344 0.883225 0.529935
6.83632 4.50689 2.70413 -0.62218 0.818593 0.491156
6.16305 5.28866 3.1732 -0.722076 0.743372 0.446023
5.39689 5.99083 3.5945 -0.807836 0.659759 0.395855
4.55231 6.60612 3.96367 -0.878831 0.569952 0.341971
3.64419 7.12937 4.27762 -0.93493 0.476043 0.285626
2.68732 7.55747 4.53448 -0.976414 0.379945 0.227967
1.69604 7.8891 4.73346 -1.00388 0.283343 0.170006
0.683967 8.12448 4.87469 -1.01815 0.187677 0.112606
-0.33617 8.26516 4.9591 -1.02017 0.0941427 0.0564856
-1.35265 8.3138 4.98828 -1.011 0.00370476 0.00222286
-2.3548 8.27386 4.96432 -0.99169 -0.0828775 -0.0497265
-3.33299 8.14952 4.88971 -0.963276 -0.165024 -0.0990145
-4.27865 7.94544 4.76726 -0.926761 -0.242306 -0.145384
-5.18413 7.66663 4.59998 -0.883084 -0.314417 -0.18865
-6.04272 7.31839 4.39104 -0.833116 -0.381151 -0.228691
-6.84853 6.90617 4.1437 -0.777655 -0.442379 -0.265428
-7.59644 6.4355 3.8613 -0.717428 -0.49803 -0.298818
-8.28202 5.91198 3.54719 -0.653095 -0.548076 -0.328846
-8.90146 5.34121 3.20473 -0.585252 -0.592522 -0.355513
-9.45154 4.72879 2.83727 -0.514439 -0.631389 -0.378833
-9.92951 4.08028 2.44817 -0.441144 -0.664712 -0.398827
-10.3331 3.4012 2.04072 -0.365815 -0.692534 -0.41552
-10.6606 2.69703 1.61822 -0.288862 -0.714893 -0.428936
-10.9105 1.97322 1.18393 -0.210666 -0.731828 -0.439097
-11.0816 1.23518 0.741106 -0.131583 -0.743368 -0.446021
-11.1734 0.488277 0.292966 -0.0519567 -0.749536 -0.449722
-11.1855 -0.262109 -0.157266 0.0278829 -0.750344 -0.450206
-11.1177 -1.01062 -0.606375 0.107608 -0.745793 -0.447476
-10.9704 -1.75191 -1.05114 0.18689 -0.735875 -0.441525
-10.7442 -2.48058 -1.48835 0.26539 -0.72057 -0.432342
-10.44 -3.19124 -1.91475 0.342757 -0.69985 -0.41991
-10.0592 -3.87846 -2.32708 0.418618 -0.673681 -0.404208
-9.60341 -4.53677 -2.72206 0.49257 -0.642021 -0.385212
-9.07482 -5.16066 -3.0964 0.564181 -0.60483 -0.362898
-8.47599 -5.74458 -3.44675 0.632974 -0.56207 -0.337242
-7.80999 -6.28294 -3.76976 0.698425 -0.513715 -0.308229
-7.08044 -6.77014 -4.06208 0.759957 -0.459754 -0.275852
-6.29159 -7.20058 -4.32035 0.816928 -0.400203 -0.240122
-5.44834 -7.5687 -4.54122 0.868633 -0.33512 -0.201072
-4.55634 -7.86901 -4.72141 0.914296 -0.264613 -0.158768
-3.62205 -8.09618 -4.85771 0.953067 -0.188864 -0.113319
-2.65281 -8.24508 -4.94705 0.984026 -0.108147 -0.0648882
-1.65692 -8.31094 -4.98657 1.00619 -0.0228501 -0.0137101
-0.643698 -8.28943 -4.97366 1.01853 0.0664949 0.039897
0.376519 -8.17684 -4.9061 1.02 0.159186 0.0955117
1.39232 -7.97024 -4.78214 1.00953 0.254323 0.152594
2.39127 -7.66775 -4.60065 0.986139 0.350782 0.210469
3.36 -7.26869 -4.36121 0.94896 0.447197 0.268318
4.28436 -6.7739 -4.06434 0.897317 0.541957 0.325174
5.14968 -6.18594 -3.71156 0.830824 0.633214 0.379928
5.94105 -5.50932 -3.30559 0.749478 0.718923 0.431354
6.64383 -4.75067 -2.8504 0.653749 0.79691 0.478146
7.24409 -3.91881 -2.35129 0.544658 0.864962 0.518977
7.72922 -3.02476 -1.81486 0.423816 0.920964 0.552578
8.08853 -2.08154 -1.24892 0.293423 0.963031 0.577819
8.31379 -1.10385 -0.662311 0.156197 0.989665 0.593799
8.39969 -0.107688 -0.0646125 0.0152602 0.999875 0.599925
8.34418 0.890287 0.534172 -0.126042 0.993275 0.595965
8.14861 1.87333 1.124 -0.264342 0.970115 0.582069
7.81757 2.82528 1.69517 -0.396453 0.931261 0.558756
7.35871 3.73109 2.23865 -0.519557 0.878112 0.526867
6.78224 4.57734 2.7464 -0.631335 0.812482 0.487489
6.1004 5.35258 3.21155 -0.730049 0.73645 0.44187
5.32688 6.04751 3.6285 -0.814551 0.652217 0.39133
4.47624 6.65502 3.99301 -0.884257 0.561977 0.337186
3.56334 7.17015 4.30209 -0.939078 0.467808 0.280685
2.60294 7.58996 4.55397 -0.979323 0.371605 0.222963
1.60934 7.91324 4.74795 -1.00561 0.275032 0.165019
0.596089 8.14037 4.88422 -1.01878 0.179507 0.107704
-0.424176 8.273 4.9638 -1.01981 0.086206 0.0517236
-1.43982 8.31384 4.98831 -1.00972 -0.00392523 -0.00235514
-2.44026 8.26646 4.95987 -0.989579 -0.0901442 -0.0540865
-3.41598 8.13505 4.88103 -0.960429 -0.171885 -0.103131
-4.35845 7.92432 4.75459 -0.923261 -0.24873 -0.149238
-5.26014 7.63932 4.58359 -0.879009 -0.320384 -0.19223
-6.11439 7.28535 4.37121 -0.828537 -0.386647 -0.231988
-6.9154 6.86787 4.12072 -0.772638 -0.447395 -0.268437
-7.6581 6.39242 3.83545 -0.712034 -0.502562 -0.301537
-8.33812 5.86461 3.51877 -0.647377 -0.552125 -0.331275
-8.9517 5.29004 3.17402 -0.579258 -0.596087 -0.357652
-9.49566 4.67429 2.80458 -0.508213 -0.634475 -0.380685
-9.96732 4.02293 2.41376 -0.434728 -0.667322 -0.400393
-10.3645 3.34148 2.00489 -0.359244 -0.694671 -0.416803
-10.6853 2.63541 1.58125 -0.28217 -0.716562 -0.429937
-10.9284 1.91017 1.1461 -0.203885 -0.73303 -0.439818
-11.0928 1.17115 0.702689 -0.124744 -0.744107 -0.446464
-11.1777 0.423741 0.254245 -0.0450869 -0.749813 -0.449888
-11.1829 -0.326692 -0.196015 0.0347545 -0.75016 -0.450096
-11.1082 -1.07479 -0.644876 0.114454 -0.745148 -0.447089
-10.9541 -1.8152 -1.08912 0.19368 -0.734767 -0.44086
-10.7212 -2.54253 -1.52552 0.272096 -0.718998 -0.431399
-10.4103 -3.25139 -1.95083 0.349347 -0.697811 -0.418687
-10.023 -3.93633 -2.3618 0.425058 -0.671171 -0.402702
-9.56085 -4.5919 -2.75514 0.498826 -0.639037 -0.383422
-9.02611 -5.21256 -3.12754 0.570213 -0.601369 -0.360822
-8.42137 -5.79278 -3.47567 0.638739 -0.55813 -0.334878
-7.74976 -6.32696 -3.79618 0.703876 -0.509294 -0.305576
-7.01495 -6.8095 -4.0857 0.76504 -0.454852 -0.272911
-6.22122 -7.2348 -4.34088 0.821587 -0.394823 -0.236894
-5.37355 -7.5973 -4.55838 0.872804 -0.32927 -0.197562
-4.47765 -7.89153 -4.73492 0.917908 -0.258305 -0.154983
-3.54006 -8.11217 -4.8673 0.956044 -0.182118 -0.109271
-2.56819 -8.25412 -4.95247 0.986287 -0.100992 -0.060595
-1.57044 -8.31264 -4.98758 1.00765 -0.015325 -0.009195
-0.556196 -8.28344 -4.97006 1.0191 0.0743364 0.0446019
0.4641 -8.16287 -4.89772 1.01958 0.167275 0.100365
1.47895 -7.9481 -4.76886 1.00804 0.262571 0.157543
2.47584 -7.63732 -4.58239 0.983496 0.359082 0.215449
3.44132 -7.22999 -4.338 0.945098 0.455421 0.273253
4.36119 -6.72708 -4.03625 0.892192 0.549954 0.329973
5.22074 -6.1313 -3.67878 0.824419 0.640817 0.38449
6.00508 -5.44735 -3.26841 0.741814 0.725949 0.435569
6.69959 -4.68204 -2.80923 0.644891 0.803168 0.481901
7.29044 -3.84439 -2.30664 0.534721 0.870267 0.52216
7.76517 -2.94559 -1.76735 0.412967 0.925141 0.555085
8.11326 -1.99881 -1.19928 0.281876 0.965936 0.579562
8.32672 -1.0189 -0.611341 0.144207 0.991192 0.594715
8.40053 -0.0219256 -0.0131553 0.00310704 0.999966 0.59998
8.33291 0.975419 0.585251 -0.138067 0.991927 0.595156
8.12549 1.95642 1.17385 -0.275955 0.967379 0.580427
7.78315 2.90497 1.74298 -0.407396 0.927238 0.556343
7.31378 3.80617 2.2837 -0.529611 0.872944 0.523767
6.72777 4.64676 2.78805 -0.640328 0.806339 0.483804
6.03753 5.41544 3.24927 -0.737858 0.729518 0.437711
5.25682 6.10312 3.66187 -0.821106 0.644687 0.386812
4.40026 6.70288 4.02173 -0.889533 0.554031 0.332419
3.48272 7.20993 4.32596 -0.943087 0.459618 0.275771
2.51893 7.62149 4.57289 -0.982109 0.363323 0.217994
1.52313 7.9365 4.7619 -1.00724 0.266789 0.160073
0.508801 8.15545 4.89327 -1.01933 0.171413 0.102848
-0.511505 8.2801 4.96806 -1.01936 0.0783509 0.0470105
-1.52624 8.31324 4.98794 -1.00837 -0.0114704 -0.00688226
-2.52492 8.25849 4.95509 -0.987418 -0.0973246 -0.0583948
-3.49811 8.1201 4.87206 -0.957544 -0.17866 -0.107196
-4.43737 7.90281 4.74169 -0.919734 -0.255069 -0.153042
-5.33524 7.6117 4.56702 -0.874917 -0.326267 -0.19576
-6.18515 7.25208 4.35125 -0.823952 -0.392061 -0.235236
-6.98136 6.82942 4.09765 -0.767624 -0.452332 -0.271399
-7.71885 6.34927 3.80956 -0.706649 -0.50702 -0.304212
-8.39332 5.81725 3.49035 -0.641674 -0.556102 -0.333661
-9.00106 5.23894 3.14336 -0.573286 -0.599586 -0.359752
-9.53893 4.61993 2.77196 -0.502015 -0.637497 -0.382498
-10.0043 3.96579 2.37947 -0.428343 -0.669873 -0.401924
-10.395 3.28202 1.96921 -0.352709 -0.696753 -0.418052
-10.7092 2.5741 1.54446 -0.275519 -0.718178 -0.430907
-10.9456 1.84747 1.10848 -0.197148 -0.734185 -0.440511
-11.1032 1.10753 0.664516 -0.11795 -0.744801 -0.446881
-11.1813 0.359655 0.215793 -0.0382662 -0.750049 -0.450029
-11.1797 -0.390785 -0.234471 0.0415746 -0.749938 -0.449963
-11.0983 -1.13843 -0.683061 0.121245 -0.744468 -0.446681
-10.9374 -1.87793 -1.12676 0.200415 -0.733628 -0.440177
-10.6977 -2.60389 -1.56234 0.278744 -0.717397 -0.430438
-10.3803 -3.31092 -1.98655 0.355877 -0.695746 -0.417448
-9.98648 -3.99357 -2.39614 0.431438 -0.668639 -0.401184
-9.51807 -4.64636 -2.78782 0.505019 -0.636035 -0.381621
-8.97724 -5.26379 -3.15827 0.57618 -0.597893 -0.358736
-8.36667 -5.84029 -3.50418 0.644437 -0.554178 -0.332507
-7.68952 -6.37028 -3.82217 0.709257 -0.504864 -0.302918
-6.9495 -6.84815 -4.10889 0.770053 -0.449945 -0.269967
-6.15097 -7.26831 -4.36099 0.826172 -0.389443 -0.233666
-5.29895 -7.6252 -4.57512 0.876899 -0.323423 -0.194054
-4.39923 -7.91335 -4.74801 0.921442 -0.252006 -0.151203
-3.45842 -8.12747 -4.87648 0.958941 -0.175386 -0.105232
-2.48401 -8.26249 -4.95749 0.988466 -0.0938556 -0.0563134
-1.48447 -8.31368 -4.98821 1.00902 -0.00782599 -0.0046956
-0.469292 -8.27682 -4.96609 1.01958 0.0821443 0.0492866
0.551 -8.14832 -4.88899 1.01907 0.175321 0.105193
1.56482 -7.92542 -4.75525 1.00646 0.270768 0.162461
2.55956 -7.60642 -4.56385 0.980771 0.36732 0.220392
3.52172 -7.19088 -4.31453 0.941159 0.463571 0.278143
4.43703 -6.67992 -4.00795 0.886996 0.557866 0.33472
5.29074 -6.07643 -3.64586 0.817953 0.648322 0.388993
6.06799 -5.38525 -3.23115 0.734101 0.732865 0.439719
6.75419 -4.6134 -2.76804 0.636001 0.809307 0.485584
7.33561 -3.77007 -2.26204 0.524773 0.875443 0.525266
7.79992 -2.86664 -1.71999 0.40213 0.929185 0.557511
8.13682 -1.91645 -1.14987 0.270366 0.968707 0.581224
8.33854 -0.93445 -0.56067 0.132279 0.992587 0.595552
8.40033 0.0632091 0.0379254 -0.00895715 0.999934 0.59996
8.3207 1.05981 0.635883 -0.149979 0.990468 0.594281
8.10156 2.03865 1.22319 -0.287435 0.96455 0.57873
7.74807 2.98374 1.79024 -0.418191 0.923142 0.553885
7.26833 3.88026 2.32816 -0.539506 0.867725 0.520635
6.67295 4.71514 2.82908 -0.649157 0.800167 0.4801
5.97446 5.47725 3.28635 -0.745506 0.722579 0.433547
5.18673 6.15769 3.69461 -0.827505 0.637169 0.382301
4.3244 6.74971 4.04983 -0.894662 0.546117 0.32767
3.40236 7.24873 4.34924 -0.946961 0.451475 0.270885
2.43531 7.65209 4.59125 -0.984772 0.3551 0.21306
1.43743 7.95889 4.77534 -1.00876 0.258615 0.155169
0.422114 8.16974 4.90185 -1.01978 0.163396 0.0980376
-0.59815 8.28649 4.97189 -1.01883 0.0705774 0.0423464
-1.61191 8.312 4.9872 -1.00696 -0.0189311 -0.0113586
-2.60877 8.24997 4.94998 -0.985209 -0.104419 -0.0626515
-3.57938 8.10469 4.86281 -0.954622 -0.185348 -0.111209
-4.5154 7.88092 4.72855 -0.916182 -0.261324 -0.156794
-5.40944 7.58378 4.55027 -0.870812 -0.332068 -0.199241
-6.255 7.2186 4.33116 -0.819362 -0.397395 -0.238437
-7.0464 6.79084 4.0745 -0.762613 -0.457193 -0.274316
-7.7787 6.30607 3.78364 -0.701275 -0.511404 -0.306842
-8.44763 5.7699 3.46194 -0.635989 -0.560009 -0.336006
-9.04955 5.18792 3.11275 -0.567338 -0.603018 -0.361811
-9.58136 4.56572 2.73943 -0.495846 -0.640458 -0.384275
-10.0405 3.90885 2.34531 -0.421992 -0.672364 -0.403419
-10.4247 3.22282 1.93369 -0.346212 -0.69878 -0.419268
-10.7324 2.51311 1.50786 -0.268908 -0.719743 -0.431846
-10.9621 1.78514 1.07108 -0.190454 -0.735291 -0.441175
-11.113 1.04432 0.626591 -0.111204 -0.745452 -0.447271
-11.1844 0.296024 0.177614 -0.0314949 -0.750244 -0.450147
-11.176 -0.454384 -0.272631 0.048343 -0.749679 -0.449807
-11.0878 -1.20155 -0.720929 0.127983 -0.743754 -0.446252
-10.9202 -1.9401 -1.16406 0.207093 -0.732458 -0.439475
-10.6739 -2.66467 -1.5988 0.285334 -0.715769 -0.429462
-10.3499 -3.36983 -2.0219 0.362348 -0.693658 -0.416195
-9.94971 -4.05016 -2.4301 0.437756 -0.666087 -0.399652
-9.47508 -4.70017 -2.8201 0.511148 -0.633015 -0.379809
-8.92824 -5.31435 -3.18861 0.582081 -0.594403 -0.356642
-8.3119 -5.88712 -3.53227 0.650067 -0.550215 -0.330129
-7.62926 -6.41291 -3.84774 0.71457 -0.500426 -0.300256
-6.88411 -6.8861 -4.13166 0.774994 -0.445034 -0.26702
-6.08085 -7.30112 -4.38067 0.830685 -0.384062 -0.230437
-5.22456 -7.65239 -4.59144 0.880919 -0.317581 -0.190548
-4.3211 -7.93448 -4.76069 0.924899 -0.245715 -0.147429
-3.37714 -8.14209 -4.88526 0.96176 -0.168668 -0.101201
-2.40026 -8.27019 -4.96211 0.990565 -0.08674 -0.052044
-1.39902 -8.31409 -4.98845 1.01032 -0.000354119 -0.000212471
-0.382992 -8.2696 -4.96176 1.01998 0.0899174 0.0539504
0.637211 -8.1332 -4.87992 1.01848 0.183325 0.109995
1.64991 -7.90222 -4.74133 1.0048 0.278912 0.167347
2.64243 -7.57504 -4.54503 0.977966 0.375496 0.225297
3.60118 -7.15137 -4.29082 0.937145 0.471647 0.282988
4.51185 -6.63245 -3.97947 0.881731 0.565692 0.339415
5.35968 -6.02132 -3.61279 0.811427 0.655729 0.393437
6.12978 -5.32302 -3.19381 0.726343 0.739672 0.443803
6.80763 -4.54474 -2.72684 0.627083 0.815326 0.489195
7.3796 -3.69587 -2.21752 0.514816 0.880491 0.528295
7.83351 -2.78795 -1.67277 0.391307 0.933097 0.559858
8.15924 -1.83447 -1.10068 0.258895 0.971344 0.582806
8.34927 -0.850512 -0.510307 0.120418 0.993853 0.596312
8.39912 0.147706 0.0886236 -0.0209303 0.999781 0.599868
8.30758 1.14344 0.686064 -0.161777 0.988902 0.593341
8.07684 2.12004 1.27202 -0.298782 0.96163 0.576978
7.71234 3.06157 1.83694 -0.428839 0.918976 0.551385
7.22239 3.95336 2.37202 -0.549245 0.862457 0.517474
6.61779 4.78249 2.86949 -0.657826 0.793969 0.476381
5.91122 5.53802 3.32281 -0.752994 0.715635 0.429381
5.11662 6.21122 3.72673 -0.833751 0.629667 0.3778
4.24867 6.79554 4.07732 -0.899647 0.538236 0.322942
3.32227 7.28655 4.37193 -0.950702 0.443381 0.266028
2.35209 7.68177 4.60906 -0.987317 0.346938 0.208163
1.35223 7.98043 4.78826 -1.01017 0.250511 0.150307
0.336034 8.18325 4.90995 -1.02015 0.155456 0.0932734
-0.684106 8.29218 4.97531 -1.01824 0.0628855 0.0377313
-1.69683 8.31015 4.98609 -1.00549 -0.0263074 -0.0157844
-2.69182 8.24092 4.94455 -0.982952 -0.111428 -0.066857
-3.65981 8.08883 4.8533 -0.951666 -0.191952 -0.115171
-4.59256 7.85868 4.71521 -0.912608 -0.267494 -0.160497
-5.48274 7.55559 4.53335 -0.866693 -0.337786 -0.202672
-6.32394 7.18492 4.31095 -0.814768 -0.40265 -0.24159
-7.11054 6.75214 4.05128 -0.757607 -0.461978 -0.277187
-7.83765 6.26282 3.75769 -0.695913 -0.515716 -0.309429
-8.50106 5.72257 3.43354 -0.630323 -0.563848 -0.338309
-9.09719 5.13699 3.0822 -0.561413 -0.606385 -0.363831
-9.62296 4.51166 2.707 -0.489706 -0.643356 -0.386014
-10.0758 3.85212 2.31127 -0.415674 -0.674798 -0.404879
-10.4537 3.16389 1.89834 -0.339752 -0.700753 -0.420452
-10.7548 2.45243 1.47146 -0.262338 -0.721258 -0.432755
-10.978 1.72318 1.03391 -0.183805 -0.736351 -0.441811
-11.1222 0.981526 0.588916 -0.104504 -0.746059 -0.447635
-11.1868 0.23285 0.13971 -0.0247731 -0.7504 -0.45024
-11.1717 -0.517488 -0.310493 0.0550595 -0.749384 -0.44963
-11.0768 -1.26413 -0.758479 0.134666 -0.743007 -0.445804
-10.9025 -2.00171 -1.20103 0.213716 -0.731259 -0.438755
-10.6497 -2.72485 -1.63491 0.291866 -0.714115 -0.428469
-10.3192 -3.42813 -2.05688 0.368759 -0.691546 -0.414928
-9.9127 -4.10612 -2.46367 0.444012 -0.663514 -0.398108
-9.4319 -4.75333 -2.852 0.517214 -0.629979 -0.377987
-8.8791 -5.36423 -3.21854 0.587918 -0.590899 -0.35454
-8.25706 -5.93327 -3.55996 0.655632 -0.546241 -0.327745
-7.56901 -6.45485 -3.87291 0.719814 -0.495982 -0.297589
-6.8188 -6.92336 -4.15402 0.779866 -0.44012 -0.264072
-6.01088 -7.33323 -4.39994 0.835126 -0.378683 -0.22721
-5.15039 -7.67889 -4.60734 0.884865 -0.311744 -0.187046
-4.24326 -7.95492 -4.77295 0.928281 -0.239435 -0.143661
-3.29623 -8.15604 -4.89362 0.964501 -0.161965 -0.0971792
-2.31697 -8.27724 -4.96634 0.992584 -0.0796459 -0.0477875
-1.31411 -8.31386 -4.98832 1.01153 0.0070896 0.00425376
-0.297305 -8.26178 -4.95707 1.02029 0.0976548 0.0585929
0.722728 -8.11753 -4.87052 1.01781 0.191284 0.11477
1.73423 -7.87851 -4.72711 1.00306 0.287002 0.172201
2.72445 -7.54322 -4.52593 0.975083 0.383607 0.230164
3.67971 -7.11148 -4.26689 0.933057 0.479648 0.287789
4.58568 -6.58468 -3.95081 0.8764 0.573432 0.344059
5.42755 -5.96601 -3.57961 0.804846 0.663038 0.397823
6.19045 -5.26069 -3.15642 0.718542 0.746369 0.447821
6.85992 -4.4761 -2.68566 0.618138 0.821225 0.492735
7.42243 -3.6218 -2.17308 0.504854 0.885413 0.531248
7.86593 -2.70951 -1.62571 0.380502 0.936877 0.562126
8.18053 -1.75288 -1.05173 0.247468 0.97385 0.58431
8.35893 -0.767098 -0.460259 0.108624 0.994992 0.596995
8.39691 0.231555 0.138933 -0.0328104 0.99951 0.599706
8.29357 1.22632 0.73579 -0.17346 0.987232 0.592339
8.05137 2.20057 1.32034 -0.309995 0.958623 0.575174
7.67598 3.13847 1.88308 -0.439338 0.914743 0.548846
7.17598 4.02548 2.41529 -0.558827 0.857144 0.514286
6.56233 4.84882 2.90929 -0.666335 0.787748 0.472649
5.84783 5.59775 3.35865 -0.760323 0.70869 0.425214
5.04651 6.26372 3.75823 -0.839844 0.622183 0.37331
4.1731 6.84036 4.10421 -0.904489 0.53039 0.318234
3.24248 7.32341 4.39405 -0.954314 0.435335 0.261201
2.26927 7.71055 4.62633 -0.989746 0.338837 0.203302
1.26755 8.00114 4.80068 -1.01149 0.242478 0.145487
0.250569 8.196 4.9176 -1.02043 0.147592 0.0885554
-0.769367 8.29718 4.97831 -1.01757 0.055275 0.033165
-1.78098 8.3077 4.98462 -1.00396 -0.0335997 -0.0201598
-2.77405 8.23136 4.93881 -0.980651 -0.118352 -0.0710115
-3.73939 8.07254 4.84352 -0.948678 -0.198471 -0.119083
-4.66884 7.83608 4.70165 -0.909012 -0.273582 -0.164149
-5.55516 7.52713 4.51628 -0.862563 -0.343424 -0.206054
-6.39199 7.15105 4.29063 -0.810172 -0.407827 -0.244696
-7.17378 6.71333 4.028 -0.752606 -0.466687 -0.280012
-7.89571 6.21954 3.73172 -0.690564 -0.519955 -0.311973
-8.55362 5.67529 3.40517 -0.624676 -0.567618 -0.340571
-9.14397 5.08617 3.0517 -0.555514 -0.609688 -0.365813
-9.66373 4.45777 2.67466 -0.483595 -0.646195 -0.387717
-10.1104 3.79562 2.27737 -0.40939 -0.677176 -0.406305
-10.4819 3.10524 1.86315 -0.33333 -0.702672 -0.421603
-10.7766 2.39209 1.43526 -0.255809 -0.722724 -0.433634
-10.9932 1.6616 0.996958 -0.1772 -0.737366 -0.442419
-11.1307 0.919155 0.551493 -0.0978521 -0.746624 -0.447974
-11.1887 0.170137 0.102082 -0.018101 -0.750517 -0.45031
-11.1669 -0.580094 -0.348056 0.0617241 -0.749053 -0.449432
-11.0654 -1.32618 -0.795709 0.141296 -0.742229 -0.445337
-10.8845 -2.06276 -1.23766 0.220282 -0.73003 -0.438018
-10.6251 -2.78444 -1.67067 0.29834 -0.712435 -0.427461
-10.2883 -3.48582 -2.09149 0.37511 -0.689412 -0.413647
-9.87544 -4.16145 -2.49687 0.450207 -0.660922 -0.396553
-9.38853 -4.80583 -2.8835 0.523217 -0.626926 -0.376156
-8.82985 -5.41345 -3.24807 0.59369 -0.587383 -0.35243
-8.20216 -5.97874 -3.58724 0.661129 -0.542259 -0.325355
-7.50878 -6.4961 -3.89766 0.724989 -0.491532 -0.294919
-6.75358 -6.95993 -4.17596 0.784667 -0.435204 -0.261122
-5.94107 -7.36465 -4.41879 0.839494 -0.373305 -0.223983
-5.07645 -7.70471 -4.62283 0.888737 -0.305913 -0.183548
-4.16572 -7.97469 -4.78481 0.931586 -0.233165 -0.139899
-3.2157 -8.16933 -4.9016 0.967164 -0.155279 -0.0931676
-2.23413 -8.28364 -4.97018 0.994523 -0.0725741 -0.0435445
-1.22973 -8.31302 -4.98781 1.01266 0.0145042 0.0087025
-0.212238 -8.25337 -4.95202 1.02053 0.105356 0.0632133
0.807545 -8.10131 -4.86078 1.01706 0.199198 0.119519
1.81777 -7.85431 -4.71258 1.00125 0.295038 0.177023
2.8056 -7.51097 -4.50658 0.972124 0.391653 0.234992
3.75732 -7.07123 -4.24274 0.928898 0.487573 0.292544
4.65851 -6.53662 -3.92197 0.871006 0.581084 0.34865
5.49435 -5.91051 -3.54631 0.798211 0.670248 0.402149
6.25002 -5.19828 -3.11897 0.710701 0.752957 0.451774
6.91108 -4.40748 -2.64449 0.609171 0.827006 0.496204
7.4641 -3.54788 -2.12873 0.494889 0.890209 0.534125
7.89722 -2.63136 -1.57882 0.369717 0.940529 0.564317
8.20071 -1.6717 -1.00302 0.236085 0.976227 0.585736
8.36754 -0.68422 -0.410532 0.0969017 0.996006 0.597604
8.39374 0.314748 0.188849 -0.0445955 0.999124 0.599474
8.2787 1.30843 0.785056 -0.185026 0.98546 0.591276
8.02515 2.28024 1.36814 -0.321073 0.955533 0.57332
7.63904 3.21443 1.92866 -0.449689 0.910446 0.546267
7.12913 4.0966 2.45796 -0.568253 0.851789 0.511073
6.50658 4.91413 2.94848 -0.674685 0.781506 0.468904
5.78431 5.65646 3.39387 -0.767497 0.701745 0.421047
4.97643 6.3152 3.78912 -0.845788 0.614718 0.368831
4.0977 6.88419 4.13051 -0.909191 0.522581 0.313549
3.16299 7.35933 4.4156 -0.957798 0.427341 0.256405
2.18689 7.73844 4.64306 -0.992061 0.330799 0.198479
1.18341 8.02102 4.81261 -1.0127 0.234516 0.14071
0.165728 8.208 4.9248 -1.02062 0.139806 0.0838838
-0.853929 8.30152 4.98091 -1.01683 0.047746 0.0286476
-1.86437 8.30466 4.9828 -1.00237 -0.0408084 -0.024485
-2.85547 8.22129 4.93278 -0.978307 -0.125192 -0.0751153
-3.81812 8.05584 4.8335 -0.945659 -0.204906 -0.122944
-4.74425 7.81316 4.6879 -0.905396 -0.279586 -0.167752
-5.62668 7.49843 4.49906 -0.858423 -0.348981 -0.209389
-6.45914 7.11701 4.27021 -0.805575 -0.412926 -0.247755
-7.23613 6.67443 4.00466 -0.747612 -0.471322 -0.282793
-7.95289 6.17624 3.70574 -0.685228 -0.524124 -0.314475
-8.60532 5.62805 3.37683 -0.619048 -0.571321 -0.342793
-9.18991 5.03546 3.02127 -0.549639 -0.612927 -0.367756
-9.70369 4.40404 2.64243 -0.477515 -0.648973 -0.389384
-10.1442 3.73935 2.24361 -0.403141 -0.679497 -0.407698
-10.5094 3.04688 1.82813 -0.326946 -0.70454 -0.422724
-10.7976 2.33208 1.39925 -0.249323 -0.724141 -0.434485
-11.0077 1.6004 0.960238 -0.17064 -0.738335 -0.443001
-11.1387 0.857208 0.514325 -0.0912474 -0.747148 -0.448289
-11.19 0.10789 0.0647338 -0.011479 -0.750596 -0.450358
-11.1616 -0.642199 -0.385319 0.0683364 -0.748688 -0.449213
-11.0535 -1.3877 -0.83262 0.147871 -0.741419 -0.444851
-10.8661 -2.12324 -1.27395 0.226793 -0.728774 -0.437264
-10.6002 -2.84345 -1.70607 0.304757 -0.710731 -0.426438
-10.257 -3.5429 -2.12574 0.381402 -0.687256 -0.412354
-9.83795 -4.21614 -2.52968 0.456341 -0.658312 -0.394987
-9.34501 -4.85768 -2.91461 0.529157 -0.623858 -0.374315
-8.78049 -5.462 -3.2772 0.599397 -0.583854 -0.350313
-8.14724 -6.02353 -3.61412 0.66656 -0.538267 -0.32296
-7.44858 -6.53667 -3.922 0.730097 -0.487077 -0.292246
-6.68845 -6.99582 -4.19749 0.789398 -0.430287 -0.258172
-5.87142 -7.39539 -4.43723 0.843791 -0.36793 -0.220758
-5.00275 -7.72985 -4.63791 0.892535 -0.30009 -0.180054
-4.0885 -7.99379 -4.79627 0.934817 -0.226908 -0.136145
-3.13557 -8.18196 -4.90918 0.969751 -0.148611 -0.0891664
-2.15177 -8.28941 -4.97365 0.996385 -0.0655258 -0.0393155
-1.1459 -8.31157 -4.98694 1.01371 0.0218886 0.0131332
-0.127798 -8.24439 -4.94664 1.02068 0.113019 0.0678112
0.891655 -8.08455 -4.85073 1.01624 0.207065 0.124239
1.90053 -7.82962 -4.69777 0.999352 0.303019 0.181811
2.8859 -7.47829 -4.48698 0.96909 0.399634 0.23978
3.83398 -7.03063 -4.21838 0.924669 0.495422 0.297253
4.73033 -6.4883 -3.89298 0.865549 0.588648 0.353189
5.56011 -5.85484 -3.5129 0.791526 0.677359 0.406416
6.30848 -5.13579 -3.08148 0.702824 0.759435 0.455661
6.9611 -4.33891 -2.60335 0.600185 0.832669 0.499601
7.50464 -3.47413 -2.08448 0.484925 0.89488 0.536928
7.92738 -2.5535 -1.5321 0.358956 0.944051 0.566431
8.2198 -1.59095 -0.95457 0.224751 0.978476 0.587086
8.37511 -0.601891 -0.361135 0.0852521 0.996898 0.598139
8.38963 0.397274 0.238365 -0.0562839 0.998625 0.599175
8.26299 1.38976 0.833859 -0.196473 0.98359 0.590154
7.99823 2.35905 1.41543 -0.332016 0.952362 0.571417
7.60152 3.28947 1.97368 -0.459893 0.906088 0.543653
7.08187 4.16675 2.50005 -0.577524 0.846395 0.507837
6.45057 4.97844 2.98706 -0.682878 0.775247 0.465148
5.72069 5.71414 3.42849 -0.774517 0.694803 0.416882
4.9064 6.36568 3.81941 -0.851584 0.607276 0.364365
4.02249 6.92705 4.15623 -0.913757 0.51481 0.308886
3.08382 7.39432 4.43659 -0.961157 0.419398 0.251639
2.10494 7.76546 4.65928 -0.994266 0.322823 0.193694
1.09981 8.0401 4.82406 -1.01382 0.226625 0.135975
0.0815162 8.21927 4.93156 -1.02073 0.132098 0.0792587
-0.937786 8.3052 4.98312 -1.01602 0.0402982 0.0241789
-1.947 8.30106 4.98064 -1.00073 -0.0479336 -0.0287602
-2.93608 8.21075 4.92645 -0.975922 -0.131948 -0.0791688
-3.89601 8.03873 4.82324 -0.942611 -0.211258 -0.126755
-4.81878 7.78992 4.67395 -0.901762 -0.285509 -0.171306
-5.69732 7.46948 4.48169 -0.854275 -0.354459 -0.212675
-6.5254 7.08282 4.24969 -0.800978 -0.417948 -0.250769
-7.29759 6.63544 3.98126 -0.742627 -0.475884 -0.28553
-8.0092 6.13292 3.67975 -0.679907 -0.528223 -0.316934
-8.65616 5.58086 3.34852 -0.613442 -0.574958 -0.344975
-9.23502 4.98487 2.99092 -0.543792 -0.616104 -0.369662
-9.74285 4.3505 2.6103 -0.471466 -0.651693 -0.391016
-10.1772 3.68332 2.20999 -0.396928 -0.681763 -0.409058
