11.0818 2.84175 -0.510418 3.02536e-12 -5.04028 8.40046 -0.510476 -0.000113471
11.1123 2.88845 -0.510418 3.04312e-12 -5.04028 8.40046 -0.510476 -0.000113525
11.1378 2.93454 -0.510418 3.08642e-12 -5.04028 8.40046 -0.510476 -0.000113578
11.1584 2.98015 -0.510418 3.13993e-12 -5.04028 8.40046 -0.510476 -0.00011363
11.174 3.02537 -0.510418 3.14349e-12 -5.04028 8.40046 -0.510476 -0.000113682
11.1845 3.07033 -0.510418 3.14593e-12 -5.04028 8.40046 -0.510476 -0.000113734
11.1901 3.11511 -0.510418 3.15842e-12 -5.04028 8.40046 -0.510476 -0.000113785
11.1905 -3.12335 -0.510418 3.15696e-12 -5.04028 8.40046 -0.510476 -0.000113837
11.1859 -3.07859 -0.510418 3.15109e-12 -5.04028 8.40046 -0.510476 -0.000113889
11.1763 -3.03367 -0.510418 3.14271e-12 -5.04028 8.40046 -0.510476 -0.00011394
11.1617 -2.98851 -0.510418 3.15548e-12 -5.04028 8.40046 -0.510476 -0.000113992
11.142 -2.94298 -0.510418 3.10063e-12 -5.04028 8.40046 -0.510476 -0.000114045
11.1174 -2.89698 -0.510418 3.11728e-12 -5.04028 8.40047 -0.510476 -0.000114097
11.0878 -2.8504 -0.510418 3.15303e-12 -5.04028 8.40047 -0.510476 -0.000114151
11.0534 -2.80313 -0.510418 3.18567e-12 -5.04028 8.40047 -0.510476 -0.000114205
11.0143 -2.75505 -0.510418 3.15881e-12 -5.04028 8.40047 -0.510476 -0.000114259
10.9704 -2.70604 -0.510418 3.28804e-12 -5.04028 8.40047 -0.510476 -0.000114315
10.9218 -2.65598 -0.510418 3.32001e-12 -5.04028 8.40047 -0.510476 -0.000114371
10.8688 -2.60474 -0.510418 3.39262e-12 -5.04028 8.40047 -0.510476 -0.000114429
10.8114 -2.55219 -0.510418 3.38307e-12 -5.04028 8.40047 -0.510476 -0.000114488
10.7497 -2.49821 -0.510418 3.34466e-12 -5.04028 8.40047 -0.510476 -0.000114548
10.6838 -2.44266 -0.510418 3.44103e-12 -5.04028 8.40047 -0.510476 -0.00011461
10.6141 -2.38542 -0.510418 3.473e-12 -5.04028 8.40047 -0.510476 -0.000114674
10.5405 -2.32635 -0.510418 3.46545e-12 -5.04028 8.40047 -0.510476 -0.000114739
10.4633 -2.26533 -0.510418 3.37974e-12 -5.04028 8.40047 -0.510476 -0.000114807
10.3828 -2.20226 -0.510418 3.32112e-12 -5.04028 8.40047 -0.510476 -0.000114876
10.2992 -2.13703 -0.510418 3.26539e-12 -5.04028 8.40047 -0.510476 -0.000114949
10.2128 -2.06957 -0.510417 3.30513e-12 -5.04028 8.40047 -0.510476 -0.000115023
10.1237 -1.99982 -0.510417 3.3239e-12 -5.04028 8.40047 -0.510476 -0.000115101
10.0324 -1.92775 -0.510417 3.3189e-12 -5.04028 8.40047 -0.510476 -0.000115182
9.93922 -1.85337 -0.510417 3.31307e-12 -5.04028 8.40047 -0.510476 -0.000115266
9.84447 -1.77675 -0.510417 3.29831e-12 -5.04028 8.40047 -0.510476 -0.000115354
9.74857 -1.69797 -0.510417 3.29467e-12 -5.04028 8.40047 -0.510476 -0.000115445
9.65194 -1.6172 -0.510417 3.28498e-12 -5.04028 8.40047 -0.510476 -0.000115541
9.55505 -1.53463 -0.510417 3.29914e-12 -5.04028 8.40047 -0.510476 -0.000115641
9.45838 -1.4505 -0.510417 3.20943e-12 -5.04028 8.40047 -0.510476 -0.000115746
9.36243 -1.3651 -0.510417 3.199e-12 -5.04028 8.40047 -0.510476 -0.000115856
9.26777 -1.27874 -0.510417 3.18967e-12 -5.04028 8.40047 -0.510476 -0.000115972
9.17494 -1.19175 -0.510417 3.22187e-12 -5.04028 8.40047 -0.510476 -0.000116092
9.08454 -1.10445 -0.510417 3.22542e-12 -5.04028 8.40047 -0.510476 -0.000116219
8.99719 -1.01715 -0.510417 3.10107e-12 -5.04029 8.40048 -0.510476 -0.000116351
8.9135 -0.930131 -0.510417 3.04956e-12 -5.04029 8.40048 -0.510476 -0.00011649
8.8341 -0.843627 -0.510417 3.01981e-12 -5.04029 8.40048 -0.510476 -0.000116634
8.75961 -0.757826 -0.510417 3.05489e-12 -5.04029 8.40048 -0.510476 -0.000116784
8.69067 -0.672861 -0.510416 3.02913e-12 -5.04029 8.40048 -0.510476 -0.000116941
8.62786 -0.588807 -0.510416 2.97495e-12 -5.04029 8.40048 -0.510476 -0.000117103
8.57176 -0.505686 -0.510416 2.89369e-12 -5.04029 8.40048 -0.510476 -0.00011727
8.52288 -0.42347 -0.510416 2.9845e-12 -5.04029 8.40048 -0.510476 -0.000117443
8.48172 -0.342086 -0.510416 2.93787e-12 -5.04029 8.40048 -0.510476 -0.00011762
8.44868 -0.261424 -0.510416 2.87326e-12 -5.04029 8.40048 -0.510476 -0.0001178
8.42409 -0.181345 -0.510416 2.88303e-12 -5.04029 8.40048 -0.510476 -0.000117984
8.40822 -0.101685 -0.510416 2.87603e-12 -5.04029 8.40048 -0.510476 -0.00011817
8.40123 -0.0222661 -0.510416 2.86746e-12 -5.04029 8.40048 -0.510476 -0.000118357
8.40319 0.0571 -0.510416 2.86232e-12 -5.04029 8.40048 -0.510476 -0.000118544
8.4141 0.136602 -0.510416 2.85549e-12 -5.04029 8.40048 -0.510476 -0.00011873
8.43382 0.216425 -0.510415 2.84461e-12 -5.04029 8.40048 -0.510476 -0.000118915
8.46216 0.296741 -0.510415 2.87015e-12 -5.04029 8.40048 -0.510476 -0.000119097
8.49881 0.377703 -0.510415 2.86304e-12 -5.04029 8.40049 -0.510476 -0.000119276
8.54341 0.459441 -0.510415 2.88169e-12 -5.04029 8.40049 -0.510476 -0.000119451
8.59552 0.542048 -0.510415 2.84039e-12 -5.04029 8.40049 -0.510476 -0.000119622
8.65463 0.625577 -0.510415 2.95008e-12 -5.04029 8.40049 -0.510476 -0.000119787
8.72021 0.710037 -0.510415 2.91145e-12 -5.04029 8.40049 -0.510476 -0.000119947
8.79166 0.795382 -0.510415 3.02469e-12 -5.04029 8.40049 -0.510476 -0.0001201
8.86838 0.881511 -0.510415 3.02292e-12 -5.04029 8.40049 -0.510476 -0.000120248
8.94974 0.968268 -0.510415 3.02114e-12 -5.04029 8.40049 -0.510476 -0.00012039
9.03512 1.05544 -0.510415 2.95497e-12 -5.04029 8.40049 -0.510476 -0.000120526
9.12389 1.14278 -0.510415 2.9925e-12 -5.04029 8.40049 -0.510476 -0.000120655
9.21542 1.22998 -0.510415 2.97895e-12 -5.04029 8.40049 -0.510476 -0.000120779
9.30913 1.31674 -0.510414 2.93943e-12 -5.04029 8.40049 -0.510476 -0.000120898
9.40443 1.40271 -0.510414 2.94365e-12 -5.0403 8.40049 -0.510476 -0.000121011
9.50076 1.48759 -0.510414 2.92555e-12 -5.0403 8.40049 -0.510476 -0.000121118
9.59759 1.57107 -0.510414 2.95786e-12 -5.0403 8.40049 -0.510476 -0.000121221
9.69443 1.65288 -0.510414 2.95375e-12 -5.0403 8.40049 -0.510476 -0.000121319
9.79079 1.7328 -0.510414 2.95095e-12 -5.0403 8.40049 -0.510476 -0.000121413
9.88624 1.81064 -0.510414 2.95214e-12 -5.0403 8.40049 -0.510476 -0.000121503
9.98036 1.88629 -0.510414 2.9674e-12 -5.0403 8.40049 -0.510476 -0.000121589
10.0728 1.95966 -0.510414 2.96119e-12 -5.0403 8.40049 -0.510476 -0.000121672
10.1631 2.03071 -0.510414 2.95075e-12 -5.0403 8.40049 -0.510476 -0.000121752
10.2511 2.09945 -0.510414 2.96541e-12 -5.0403 8.4005 -0.510476 -0.000121828
10.3363 2.16593 -0.510414 2.90035e-12 -5.0403 8.4005 -0.510476 -0.000121902
10.4186 2.2302 -0.510414 2.83507e-12 -5.0403 8.4005 -0.510476 -0.000121973
10.4977 2.29235 -0.510414 2.85882e-12 -5.0403 8.4005 -0.510476 -0.000122041
10.5733 2.3525 -0.510414 2.76512e-12 -5.0403 8.4005 -0.510476 -0.000122108
10.6452 2.41075 -0.510414 2.65432e-12 -5.0403 8.4005 -0.510476 -0.000122172
10.7133 2.46723 -0.510414 2.70228e-12 -5.0403 8.4005 -0.510476 -0.000122235
10.7773 2.52208 -0.510414 2.7085e-12 -5.0403 8.4005 -0.510476 -0.000122296
10.8372 2.57541 -0.510414 2.72138e-12 -5.0403 8.4005 -0.510476 -0.000122356
10.8927 2.62737 -0.510414 2.68807e-12 -5.0403 8.4005 -0.510476 -0.000122414
10.9438 2.67808 -0.510414 2.5655e-12 -5.0403 8.4005 -0.510476 -0.000122472
10.9903 2.72766 -0.510414 2.59615e-12 -5.0403 8.4005 -0.510476 -0.000122528
11.0321 2.77625 -0.510414 2.62479e-12 -5.0403 8.4005 -0.510476 -0.000122583
11.0692 2.82396 -0.510414 2.66476e-12 -5.0403 8.4005 -0.510476 -0.000122637
11.1015 2.87092 -0.510414 2.60791e-12 -5.0403 8.4005 -0.510476 -0.000122691
11.1289 2.91722 -0.510414 2.5826e-12 -5.0403 8.4005 -0.510476 -0.000122744
11.1513 2.963 -0.510414 2.61124e-12 -5.0403 8.4005 -0.510476 -0.000122796
11.1688 3.00836 -0.510413 2.63922e-12 -5.0403 8.4005 -0.510476 -0.000122849
11.1813 3.0534 -0.510413 2.61857e-12 -5.0403 8.4005 -0.510476 -0.0001229
11.1887 3.09823 -0.510413 2.62768e-12 -5.0403 8.4005 -0.510476 -0.000122952
11.1911 -3.14022 -0.510413 2.6265e-12 -5.0403 8.4005 -0.510476 -0.000123004
11.1884 -3.09548 -0.510413 2.62551e-12 -5.0403 8.4005 -0.510476 -0.000123055
11.1806 -3.05064 -0.510413 2.60847e-12 -5.0403 8.4005 -0.510476 -0.000123107
11.1679 -3.00558 -0.510413 2.59637e-12 -5.0403 8.4005 -0.510476 -0.000123159
11.1501 -2.9602 -0.510413 2.62201e-12 -5.0403 8.4005 -0.510476 -0.000123211
11.1274 -2.9144 -0.510413 2.59881e-12 -5.0403 8.4005 -0.510476 -0.000123263
11.0997 -2.86805 -0.510413 2.64833e-12 -5.0403 8.4005 -0.510476 -0.000123317
11.0671 -2.82106 -0.510413 2.67519e-12 -5.0403 8.4005 -0.510476 -0.00012337
11.0297 -2.7733 -0.510413 2.6279e-12 -5.0403 8.4005 -0.510476 -0.000123425
10.9876 -2.72465 -0.510413 2.61502e-12 -5.0403 8.4005 -0.510476 -0.00012348
10.9408 -2.675 -0.510413 2.59437e-12 -5.0403 8.4005 -0.510476 -0.000123536
10.8895 -2.62422 -0.510413 2.5695e-12 -5.0403 8.4005 -0.510476 -0.000123593
10.8337 -2.57218 -0.510413 2.54841e-12 -5.0403 8.4005 -0.510476 -0.000123652
10.7736 -2.51876 -0.510413 2.51332e-12 -5.0403 8.4005 -0.510476 -0.000123711
10.7093 -2.46382 -0.510413 2.48979e-12 -5.0403 8.40051 -0.510476 -0.000123773
10.6409 -2.40723 -0.510413 2.4325e-12 -5.0403 8.40051 -0.510476 -0.000123836
10.5688 -2.34886 -0.510413 2.39098e-12 -5.0403 8.40051 -0.510476 -0.0001239
10.493 -2.2886 -0.510413 2.46581e-12 -5.0403 8.40051 -0.510476 -0.000123967
10.4137 -2.22632 -0.510413 2.43583e-12 -5.0403 8.40051 -0.510476 -0.000124036
10.3312 -2.16192 -0.510413 2.44316e-12 -5.0403 8.40051 -0.510476 -0.000124107
10.2458 -2.09531 -0.510413 2.43472e-12 -5.0403 8.40051 -0.510476 -0.000124181
10.1577 -2.02642 -0.510413 2.4365e-12 -5.0403 8.40051 -0.510476 -0.000124257
10.0672 -1.95523 -0.510413 2.49512e-12 -5.0403 8.40051 -0.510476 -0.000124337
9.9747 -1.88172 -0.510413 2.46547e-12 -5.0403 8.40051 -0.510476 -0.00012442
9.88049 -1.80594 -0.510413 2.47058e-12 -5.04031 8.40051 -0.510476 -0.000124506
9.78497 -1.72796 -0.510413 2.47059e-12 -5.04031 8.40051 -0.510476 -0.000124596
9.68857 -1.64792 -0.510413 2.47341e-12 -5.04031 8.40051 -0.510476 -0.000124691
9.59172 -1.566 -0.510412 2.47158e-12 -5.04031 8.40051 -0.510476 -0.000124789
9.49491 -1.48243 -0.510412 2.46636e-12 -5.04031 8.40051 -0.510476 -0.000124892
9.39863 -1.39748 -0.510412 2.5191e-12 -5.04031 8.40051 -0.510476 -0.000125
9.30341 -1.31145 -0.510412 2.45626e-12 -5.04031 8.40051 -0.510476 -0.000125114
9.20982 -1.22466 -0.510412 2.43028e-12 -5.04031 8.40051 -0.510476 -0.000125232
9.11844 -1.13744 -0.510412 2.47202e-12 -5.04031 8.40051 -0.510476 -0.000125356
9.02986 -1.05011 -0.510412 2.502e-12 -5.04031 8.40051 -0.510476 -0.000125486
8.94471 -0.96295 -0.510412 2.47002e-12 -5.04031 8.40051 -0.510476 -0.000125623
8.86362 -0.876226 -0.510412 2.42828e-12 -5.04031 8.40051 -0.510476 -0.000125765
8.7872 -0.790142 -0.510412 2.54508e-12 -5.04031 8.40051 -0.510476 -0.000125913
8.71609 -0.70485 -0.510412 2.5957e-12 -5.04031 8.40051 -0.510476 -0.000126067
8.6509 -0.620448 -0.510412 2.61968e-12 -5.04031 8.40052 -0.510476 -0.000126227
8.5922 -0.536976 -0.510412 2.61657e-12 -5.04031 8.40052 -0.510476 -0.000126392
8.54053 -0.454426 -0.510412 2.60192e-12 -5.04031 8.40052 -0.510476 -0.000126563
8.49641 -0.372739 -0.510411 2.57283e-12 -5.04031 8.40052 -0.510476 -0.000126738
8.46025 -0.291821 -0.510411 2.56684e-12 -5.04031 8.40052 -0.510476 -0.000126918
8.43243 -0.211541 -0.510411 2.54619e-12 -5.04031 8.40052 -0.510476 -0.0001271
8.41325 -0.131744 -0.510411 2.5181e-12 -5.04031 8.40052 -0.510476 -0.000127285
8.40289 -0.0522563 -0.510411 2.49217e-12 -5.04031 8.40052 -0.510476 -0.000127472
8.40147 0.0271066 -0.510411 2.49012e-12 -5.04031 8.40052 -0.510476 -0.000127659
8.409 0.106534 -0.510411 2.48779e-12 -5.04031 8.40052 -0.510476 -0.000127846
8.42541 0.186214 -0.510411 2.46636e-12 -5.04031 8.40052 -0.510476 -0.000128031
8.45052 0.266323 -0.510411 2.50844e-12 -5.04031 8.40052 -0.510476 -0.000128215
8.48407 0.347024 -0.510411 2.53686e-12 -5.04031 8.40052 -0.510476 -0.000128395
8.52572 0.428455 -0.510411 2.6219e-12 -5.04031 8.40052 -0.510476 -0.000128572
8.57505 0.510723 -0.51041 2.61702e-12 -5.04031 8.40052 -0.510476 -0.000128744
8.63158 0.5939 -0.51041 2.56462e-12 -5.04031 8.40052 -0.510476 -0.000128911
8.69478 0.678009 -0.51041 2.52376e-12 -5.04031 8.40052 -0.510476 -0.000129073
8.76408 0.763027 -0.51041 2.50022e-12 -5.04032 8.40053 -0.510476 -0.000129229
8.83888 0.848874 -0.51041 2.6148e-12 -5.04032 8.40053 -0.510476 -0.000129379
8.91856 0.935415 -0.51041 2.66853e-12 -5.04032 8.40053 -0.510476 -0.000129523
9.00249 1.02246 -0.51041 2.78e-12 -5.04032 8.40053 -0.510476 -0.000129661
9.09005 1.10977 -0.51041 2.89635e-12 -5.04032 8.40053 -0.510476 -0.000129793
9.18061 1.19706 -0.51041 2.88169e-12 -5.04032 8.40053 -0.510476 -0.000129919
9.27357 1.28402 -0.51041 2.88014e-12 -5.04032 8.40053 -0.510476 -0.000130039
9.36834 1.37032 -0.51041 2.90035e-12 -5.04032 8.40053 -0.510476 -0.000130154
9.46434 1.45565 -0.51041 2.90523e-12 -5.04032 8.40053 -0.510476 -0.000130264
9.56104 1.53969 -0.51041 2.90679e-12 -5.04032 8.40053 -0.510476 -0.000130369
9.65793 1.62216 -0.51041 2.88447e-12 -5.04032 8.40053 -0.510476 -0.000130469
9.75453 1.70282 -0.51041 2.88966e-12 -5.04032 8.40053 -0.510476 -0.000130564
9.85037 1.78146 -0.510409 2.88614e-12 -5.04032 8.40053 -0.510476 -0.000130656
9.94504 1.85795 -0.510409 2.8737e-12 -5.04032 8.40053 -0.510476 -0.000130743
10.0381 1.93219 -0.510409 2.89879e-12 -5.04032 8.40053 -0.510476 -0.000130827
10.1293 2.00411 -0.510409 2.87781e-12 -5.04032 8.40053 -0.510476 -0.000130908
10.2182 2.07373 -0.510409 2.86215e-12 -5.04032 8.40053 -0.510476 -0.000130985
10.3045 2.14105 -0.510409 2.83151e-12 -5.04032 8.40053 -0.510476 -0.00013106
10.388 2.20614 -0.510409 2.86304e-12 -5.04032 8.40053 -0.510476 -0.000131132
10.4683 2.26909 -0.510409 2.84328e-12 -5.04032 8.40053 -0.510476 -0.000131201
10.5452 2.32998 -0.510409 2.83973e-12 -5.04032 8.40053 -0.510476 -0.000131269
10.6185 2.38893 -0.510409 2.87304e-12 -5.04032 8.40053 -0.510476 -0.000131334
10.6881 2.44607 -0.510409 2.8475e-12 -5.04032 8.40053 -0.510476 -0.000131398
10.7537 2.50152 -0.510409 2.9341e-12 -5.04032 8.40053 -0.510476 -0.000131459
10.8151 2.55541 -0.510409 2.89369e-12 -5.04032 8.40054 -0.510476 -0.00013152
10.8723 2.60787 -0.510409 2.80798e-12 -5.04032 8.40054 -0.510476 -0.000131578
10.9251 2.65904 -0.510409 2.72582e-12 -5.04032 8.40054 -0.510476 -0.000131636
10.9733 2.70903 -0.510409 2.71005e-12 -5.04032 8.40054 -0.510476 -0.000131692
11.017 2.75798 -0.510409 2.64433e-12 -5.04032 8.40054 -0.510476 -0.000131748
11.0559 2.80601 -0.510409 2.64944e-12 -5.04032 8.40054 -0.510476 -0.000131803
11.09 2.85323 -0.510409 2.65898e-12 -5.04032 8.40054 -0.510476 -0.000131856
11.1192 2.89977 -0.510409 2.62546e-12 -5.04032 8.40054 -0.510476 -0.00013191
11.1435 2.94573 -0.510409 2.64933e-12 -5.04032 8.40054 -0.510476 -0.000131962
11.1629 2.99124 -0.510409 2.70484e-12 -5.04032 8.40054 -0.510476 -0.000132015
11.1772 3.03638 -0.510409 2.68485e-12 -5.04032 8.40054 -0.510476 -0.000132067
11.1866 3.08128 -0.510409 2.67936e-12 -5.04032 8.40054 -0.510476 -0.000132118
11.1909 3.12604 -0.510409 2.68363e-12 -5.04032 8.40054 -0.510476 -0.00013217
11.1901 -3.11242 -0.510409 2.67875e-12 -5.04032 8.40054 -0.510476 -0.000132222
11.1843 -3.06763 -0.510409 2.67703e-12 -5.04032 8.40054 -0.510476 -0.000132273
11.1734 -3.02267 -0.510409 2.65643e-12 -5.04032 8.40054 -0.510476 -0.000132325
11.1575 -2.97742 -0.510409 2.65921e-12 -5.04032 8.40054 -0.510476 -0.000132377
11.1367 -2.93179 -0.510409 2.66165e-12 -5.04032 8.40054 -0.510476 -0.000132429
11.1108 -2.88567 -0.510409 2.66032e-12 -5.04032 8.40054 -0.510476 -0.000132482
11.0801 -2.83893 -0.510409 2.59126e-12 -5.04032 8.40054 -0.510476 -0.000132536
11.0445 -2.79148 -0.510409 2.60969e-12 -5.04032 8.40054 -0.510476 -0.00013259
11.0042 -2.74318 -0.510408 2.50489e-12 -5.04032 8.40054 -0.510476 -0.000132645
10.9592 -2.69393 -0.510408 2.47136e-12 -5.04032 8.40054 -0.510476 -0.0001327
10.9095 -2.64359 -0.510408 2.46847e-12 -5.04032 8.40054 -0.510476 -0.000132757
10.8554 -2.59204 -0.510408 2.48401e-12 -5.04033 8.40054 -0.510476 -0.000132815
10.7969 -2.53916 -0.510408 2.49245e-12 -5.04033 8.40054 -0.510476 -0.000132874
10.7342 -2.48481 -0.510408 2.42695e-12 -5.04033 8.40054 -0.510476 -0.000132935
10.6674 -2.42886 -0.510408 2.30704e-12 -5.04033 8.40054 -0.510476 -0.000132997
10.5967 -2.37118 -0.510408 2.16382e-12 -5.04033 8.40054 -0.510476 -0.000133061
10.5222 -2.31165 -0.510408 2.16471e-12 -5.04033 8.40054 -0.510476 -0.000133127
10.4442 -2.25015 -0.510408 2.1696e-12 -5.04033 8.40054 -0.510476 -0.000133195
10.3629 -2.18656 -0.510408 2.14806e-12 -5.04033 8.40054 -0.510476 -0.000133266
10.2786 -2.1208 -0.510408 2.18292e-12 -5.04033 8.40054 -0.510476 -0.000133338
10.1915 -2.05278 -0.510408 2.17604e-12 -5.04033 8.40054 -0.510476 -0.000133414
10.1018 -1.98247 -0.510408 2.14584e-12 -5.04033 8.40054 -0.510476 -0.000133492
10.0101 -1.90984 -0.510408 2.14395e-12 -5.04033 8.40055 -0.510476 -0.000133574
9.91644 -1.83491 -0.510408 2.15528e-12 -5.04033 8.40055 -0.510476 -0.000133659
9.82137 -1.75775 -0.510408 2.15705e-12 -5.04033 8.40055 -0.510476 -0.000133748
9.72526 -1.67848 -0.510408 2.15722e-12 -5.04033 8.40055 -0.510476 -0.00013384
9.62852 -1.59725 -0.510408 2.17226e-12 -5.04033 8.40055 -0.510476 -0.000133937
9.53164 -1.51427 -0.510408 2.10543e-12 -5.04033 8.40055 -0.510476 -0.000134038
9.43509 -1.42981 -0.510408 2.09655e-12 -5.04033 8.40055 -0.510476 -0.000134145
9.33941 -1.34415 -0.510408 2.10565e-12 -5.04033 8.40055 -0.510476 -0.000134256
9.24514 -1.25761 -0.510408 2.07523e-12 -5.04033 8.40055 -0.510476 -0.000134372
9.15285 -1.17052 -0.510408 2.18048e-12 -5.04033 8.40055 -0.510476 -0.000134494
9.06313 -1.08319 -0.510407 2.29283e-12 -5.04033 8.40055 -0.510476 -0.000134622
8.97661 -0.995939 -0.510407 2.48379e-12 -5.04033 8.40055 -0.510476 -0.000134756
8.89391 -0.909026 -0.510407 2.5473e-12 -5.04033 8.40055 -0.510476 -0.000134896
8.81564 -0.82268 -0.510407 2.53486e-12 -5.04033 8.40055 -0.510476 -0.000135042
8.74245 -0.737074 -0.510407 2.44871e-12 -5.04033 8.40055 -0.510476 -0.000135194
8.67495 -0.652328 -0.510407 2.45226e-12 -5.04033 8.40055 -0.510476 -0.000135351
8.61372 -0.568503 -0.510407 2.41984e-12 -5.04033 8.40055 -0.510476 -0.000135515
8.55932 -0.485608 -0.510407 2.39497e-12 -5.04033 8.40055 -0.510476 -0.000135684
8.51229 -0.403605 -0.510407 2.36877e-12 -5.04033 8.40055 -0.510476 -0.000135857
8.47306 -0.32241 -0.510407 2.37366e-12 -5.04033 8.40055 -0.510476 -0.000136035
8.44205 -0.241906 -0.510407 2.40319e-12 -5.04033 8.40056 -0.510476 -0.000136216
8.41956 -0.161946 -0.510407 2.36233e-12 -5.04033 8.40056 -0.510476 -0.000136401
8.40583 -0.0823636 -0.510406 2.35351e-12 -5.04033 8.40056 -0.510476 -0.000136587
8.40102 -0.00297663 -0.510406 2.34891e-12 -5.04033 8.40056 -0.510476 -0.000136774
8.40516 0.0764033 -0.510406 2.35023e-12 -5.04033 8.40056 -0.510476 -0.000136961
8.41822 0.155965 -0.510406 2.39286e-12 -5.04034 8.40056 -0.510476 -0.000137147
8.44006 0.23589 -0.510406 2.39986e-12 -5.04034 8.40056 -0.510476 -0.000137331
8.47045 0.316348 -0.510406 2.3177e-12 -5.04034 8.40056 -0.510476 -0.000137513
8.50907 0.397487 -0.510406 2.30194e-12 -5.04034 8.40056 -0.510476 -0.000137691
8.55554 0.479426 -0.510406 2.24332e-12 -5.04034 8.40056 -0.510476 -0.000137865
8.6094 0.562252 -0.510406 2.24132e-12 -5.04034 8.40056 -0.510476 -0.000138034
8.67013 0.646007 -0.510406 2.25064e-12 -5.04034 8.40056 -0.510476 -0.000138198
8.73719 0.730685 -0.510406 2.20401e-12 -5.04034 8.40056 -0.510476 -0.000138356
8.80998 0.81623 -0.510405 2.16183e-12 -5.04034 8.40056 -0.510476 -0.000138509
8.88788 0.902526 -0.510405 2.14184e-12 -5.04034 8.40056 -0.510476 -0.000138655
8.97028 0.989403 -0.510405 2.11653e-12 -5.04034 8.40056 -0.510476 -0.000138795
9.05654 1.07664 -0.510405 2.09477e-12 -5.04034 8.40056 -0.510476 -0.000138929
9.14603 1.16397 -0.510405 2.06013e-12 -5.04034 8.40057 -0.510476 -0.000139058
9.23815 1.25109 -0.510405 2.04015e-12 -5.04034 8.40057 -0.510476 -0.00013918
9.3323 1.33769 -0.510405 2.03149e-12 -5.04034 8.40057 -0.510476 -0.000139297
9.4279 1.42342 -0.510405 2.08122e-12 -5.04034 8.40057 -0.510476 -0.000139409
9.5244 1.50799 -0.510405 2.14284e-12 -5.04034 8.40057 -0.510476 -0.000139515
9.62128 1.59108 -0.510405 2.16627e-12 -5.04034 8.40057 -0.510476 -0.000139617
9.71804 1.67245 -0.510405 2.16596e-12 -5.04034 8.40057 -0.510476 -0.000139714
9.81422 1.75188 -0.510405 2.17105e-12 -5.04034 8.40057 -0.510476 -0.000139807
9.90938 1.8292 -0.510405 2.18264e-12 -5.04034 8.40057 -0.510476 -0.000139896
10.0031 1.90429 -0.510405 2.20102e-12 -5.04034 8.40057 -0.510476 -0.000139981
10.0951 1.9771 -0.510405 2.15872e-12 -5.04034 8.40057 -0.510476 -0.000140063
10.1849 2.04759 -0.510405 2.24887e-12 -5.04034 8.40057 -0.510476 -0.000140142
10.2722 2.11577 -0.510405 2.24287e-12 -5.04034 8.40057 -0.510476 -0.000140218
10.3568 2.1817 -0.510405 2.21223e-12 -5.04034 8.40057 -0.510476 -0.000140291
10.4383 2.24545 -0.510405 2.20446e-12 -5.04034 8.40057 -0.510476 -0.000140361
10.5165 2.30711 -0.510405 2.12075e-12 -5.04034 8.40057 -0.510476 -0.000140429
10.5913 2.36678 -0.510404 2.21756e-12 -5.04034 8.40057 -0.510476 -0.000140495
10.6623 2.42459 -0.510404 2.3308e-12 -5.04034 8.40057 -0.510476 -0.000140559
10.7294 2.48066 -0.510404 2.29283e-12 -5.04034 8.40057 -0.510476 -0.000140622
10.7924 2.53513 -0.510404 2.26663e-12 -5.04034 8.40057 -0.510476 -0.000140683
10.8512 2.58812 -0.510404 2.26485e-12 -5.04034 8.40057 -0.510476 -0.000140742
10.9057 2.63976 -0.510404 2.2895e-12 -5.04034 8.40057 -0.510476 -0.0001408
10.9557 2.69018 -0.510404 2.32037e-12 -5.04034 8.40057 -0.510476 -0.000140857
11.0011 2.73951 -0.510404 2.30371e-12 -5.04034 8.40057 -0.510476 -0.000140913
11.0418 2.78788 -0.510404 2.29905e-12 -5.04034 8.40057 -0.510476 -0.000140968
11.0777 2.83539 -0.510404 2.25397e-12 -5.04034 8.40057 -0.510476 -0.000141022
11.1088 2.88218 -0.510404 2.29194e-12 -5.04034 8.40057 -0.510476 -0.000141075
11.135 2.92834 -0.510404 2.28839e-12 -5.04034 8.40057 -0.510476 -0.000141128
11.1562 2.97401 -0.510404 2.31626e-12 -5.04034 8.40057 -0.510476 -0.000141181
11.1725 3.01928 -0.510404 2.31526e-12 -5.04035 8.40058 -0.510476 -0.000141233
11.1837 3.06426 -0.510404 2.32125e-12 -5.04035 8.40058 -0.510476 -0.000141284
11.1899 3.10906 -0.510404 2.31931e-12 -5.04035 8.40058 -0.510476 -0.000141336
11.1911 -3.12941 -0.510404 2.32107e-12 -5.04035 8.40058 -0.510476 -0.000141388
11.1872 -3.08466 -0.510404 2.31676e-12 -5.04035 8.40058 -0.510476 -0.000141439
11.1782 -3.03977 -0.510404 2.30471e-12 -5.04035 8.40058 -0.510476 -0.000141491
11.1643 -2.99465 -0.510404 2.3137e-12 -5.04035 8.40058 -0.510476 -0.000141543
11.1453 -2.94918 -0.510404 2.33669e-12 -5.04035 8.40058 -0.510476 -0.000141595
11.1213 -2.90325 -0.510404 2.29616e-12 -5.04035 8.40058 -0.510476 -0.000141648
11.0925 -2.85676 -0.510404 2.29305e-12 -5.04035 8.40058 -0.510476 -0.000141701
11.0587 -2.80959 -0.510404 2.30815e-12 -5.04035 8.40058 -0.510476 -0.000141755
11.0202 -2.76163 -0.510404 2.34723e-12 -5.04035 8.40058 -0.510476 -0.000141809
10.9769 -2.71276 -0.510404 2.33635e-12 -5.04035 8.40058 -0.510476 -0.000141865
10.929 -2.66285 -0.510404 2.25331e-12 -5.04035 8.40058 -0.510476 -0.000141921
10.8766 -2.61178 -0.510404 2.18781e-12 -5.04035 8.40058 -0.510476 -0.000141979
10.8198 -2.55942 -0.510404 2.09233e-12 -5.04035 8.40058 -0.510476 -0.000142037
10.7586 -2.50564 -0.510404 2.17359e-12 -5.04035 8.40058 -0.510476 -0.000142097
10.6933 -2.45031 -0.510404 2.12386e-12 -5.04035 8.40058 -0.510476 -0.000142159
10.6241 -2.39331 -0.510404 2.11742e-12 -5.04035 8.40058 -0.510476 -0.000142222
10.551 -2.3345 -0.510404 2.13851e-12 -5.04035 8.40058 -0.510476 -0.000142288
10.4744 -2.27376 -0.510404 2.06191e-12 -5.04035 8.40058 -0.510476 -0.000142355
10.3943 -2.21098 -0.510403 2.02127e-12 -5.04035 8.40058 -0.510476 -0.000142424
10.3111 -2.14605 -0.510403 2.10609e-12 -5.04035 8.40058 -0.510476 -0.000142496
10.225 -2.0789 -0.510403 2.15783e-12 -5.04035 8.40058 -0.510476 -0.00014257
10.1363 -2.00946 -0.510403 2.20113e-12 -5.04035 8.40058 -0.510476 -0.000142648
10.0453 -1.93771 -0.510403 2.14329e-12 -5.04035 8.40058 -0.510476 -0.000142728
9.95231 -1.86365 -0.510403 2.10965e-12 -5.04035 8.40058 -0.510476 -0.000142812
9.85774 -1.78734 -0.510403 2.11947e-12 -5.04035 8.40058 -0.510476 -0.000142899
9.76197 -1.70885 -0.510403 2.13023e-12 -5.04035 8.40058 -0.510476 -0.00014299
9.66542 -1.62834 -0.510403 2.11992e-12 -5.04035 8.40058 -0.510476 -0.000143085
9.56854 -1.54601 -0.510403 2.13973e-12 -5.04035 8.40058 -0.510476 -0.000143185
9.47181 -1.46208 -0.510403 2.05702e-12 -5.04035 8.40059 -0.510476 -0.000143289
9.37573 -1.37684 -0.510403 2.02327e-12 -5.04035 8.40059 -0.510476 -0.000143398
9.28086 -1.2906 -0.510403 1.99796e-12 -5.04035 8.40059 -0.510476 -0.000143513
9.18774 -1.20367 -0.510403 1.99063e-12 -5.04035 8.40059 -0.510476 -0.000143633
9.09698 -1.1164 -0.510403 2.02993e-12 -5.04035 8.40059 -0.510476 -0.000143759
9.00917 -1.02909 -0.510403 1.96065e-12 -5.04035 8.40059 -0.510476 -0.00014389
8.92494 -0.942016 -0.510403 2.04725e-12 -5.04035 8.40059 -0.510476 -0.000144028
8.84491 -0.855432 -0.510403 2.03171e-12 -5.04035 8.40059 -0.510476 -0.000144171
8.76972 -0.769529 -0.510403 2.03837e-12 -5.04035 8.40059 -0.510476 -0.000144321
8.69998 -0.684446 -0.510402 1.95266e-12 -5.04035 8.40059 -0.510476 -0.000144476
8.6363 -0.600268 -0.510402 1.99352e-12 -5.04035 8.40059 -0.510476 -0.000144638
8.57924 -0.517023 -0.510402 2.03171e-12 -5.04035 8.40059 -0.510476 -0.000144804
8.52935 -0.434689 -0.510402 2.10254e-12 -5.04035 8.40059 -0.510476 -0.000144976
8.4871 -0.3532 -0.510402 2.14229e-12 -5.04036 8.40059 -0.510476 -0.000145152
8.45292 -0.27245 -0.510402 2.21156e-12 -5.04036 8.40059 -0.510476 -0.000145333
8.42716 -0.192303 -0.510402 2.18292e-12 -5.04036 8.40059 -0.510476 -0.000145516
8.41008 -0.112599 -0.510402 2.1787e-12 -5.04036 8.40059 -0.510476 -0.000145701
8.40186 -0.0331602 -0.510402 2.17429e-12 -5.04036 8.40059 -0.510476 -0.000145888
8.4026 0.0461991 -0.510402 2.17915e-12 -5.04036 8.4006 -0.510476 -0.000146075
8.41228 0.125669 -0.510402 2.19502e-12 -5.04036 8.4006 -0.510476 -0.000146262
8.4308 0.205434 -0.510401 2.23999e-12 -5.04036 8.4006 -0.510476 -0.000146447
8.45797 0.28567 -0.510401 2.26952e-12 -5.04036 8.4006 -0.510476 -0.00014663
8.4935 0.366532 -0.510401 2.27751e-12 -5.04036 8.4006 -0.510476 -0.000146809
8.53703 0.448154 -0.510401 2.29794e-12 -5.04036 8.4006 -0.510476 -0.000146985
8.58814 0.530634 -0.510401 2.26352e-12 -5.04036 8.4006 -0.510476 -0.000147156
8.64632 0.614032 -0.510401 2.22711e-12 -5.04036 8.4006 -0.510476 -0.000147322
8.71104 0.698362 -0.510401 2.16227e-12 -5.04036 8.4006 -0.510476 -0.000147482
8.78172 0.783587 -0.510401 2.10365e-12 -5.04036 8.4006 -0.510476 -0.000147637
8.85775 0.869613 -0.510401 1.90914e-12 -5.04036 8.4006 -0.510476 -0.000147785
8.93851 0.956292 -0.510401 1.93223e-12 -5.04036 8.4006 -0.510476 -0.000147928
9.02338 1.04342 -0.510401 1.95799e-12 -5.04036 8.4006 -0.510476 -0.000148064
9.11171 1.13075 -0.510401 1.86118e-12 -5.04036 8.4006 -0.510476 -0.000148195
9.20291 1.21799 -0.5104 1.89893e-12 -5.04036 8.4006 -0.510476 -0.00014832
9.29635 1.30482 -0.5104 1.93556e-12 -5.04036 8.4006 -0.510476 -0.000148439
9.39146 1.39092 -0.5104 1.95155e-12 -5.04036 8.4006 -0.510476 -0.000148552
9.48768 1.47596 -0.5104 1.93834e-12 -5.04036 8.4006 -0.510476 -0.000148661
9.58448 1.55965 -0.5104 1.94145e-12 -5.04036 8.4006 -0.510476 -0.000148764
9.68134 1.6417 -0.5104 1.9042e-12 -5.04036 8.40061 -0.510476 -0.000148863
9.7778 1.72188 -0.5104 1.90688e-12 -5.04036 8.40061 -0.510476 -0.000148958
9.8734 1.80002 -0.5104 1.91072e-12 -5.04036 8.40061 -0.510476 -0.000149048
9.96773 1.87598 -0.5104 1.89637e-12 -5.04036 8.40061 -0.510476 -0.000149135
10.0604 1.94966 -0.5104 1.942e-12 -5.04036 8.40061 -0.510476 -0.000149218
10.1511 2.02103 -0.5104 1.96887e-12 -5.04036 8.40061 -0.510476 -0.000149298
10.2394 2.09009 -0.5104 1.97709e-12 -5.04036 8.40061 -0.510476 -0.000149375
10.325 2.15687 -0.5104 1.94844e-12 -5.04036 8.40061 -0.510476 -0.000149448
10.4077 2.22143 -0.5104 1.96065e-12 -5.04036 8.40061 -0.510476 -0.00014952
10.4872 2.28387 -0.5104 1.94356e-12 -5.04037 8.40061 -0.510476 -0.000149589
10.5633 2.34429 -0.5104 1.91136e-12 -5.04037 8.40061 -0.510476 -0.000149656
10.6358 2.40279 -0.5104 1.90159e-12 -5.04037 8.40061 -0.510476 -0.000149721
10.7044 2.45951 -0.5104 1.96443e-12 -5.04037 8.40061 -0.510476 -0.000149784
10.769 2.51457 -0.5104 1.95333e-12 -5.04037 8.40061 -0.510476 -0.000149845
10.8295 2.56811 -0.5104 2.0024e-12 -5.04037 8.40061 -0.510476 -0.000149905
10.8856 2.62024 -0.5104 2.10121e-12 -5.04037 8.40061 -0.510476 -0.000149963
10.9373 2.67112 -0.5104 2.17271e-12 -5.04037 8.40061 -0.510476 -0.000150021
10.9844 2.72085 -0.5104 2.17137e-12 -5.04037 8.40061 -0.510476 -0.000150077
11.0269 2.76956 -0.5104 2.16871e-12 -5.04037 8.40061 -0.510476 -0.000150132
11.0647 2.81739 -0.5104 2.17937e-12 -5.04037 8.40061 -0.510476 -0.000150187
11.0976 2.86444 -0.510399 2.23599e-12 -5.04037 8.40061 -0.510476 -0.00015024
11.1257 2.91082 -0.510399 2.31881e-12 -5.04037 8.40061 -0.510476 -0.000150293
11.1488 2.95667 -0.510399 2.34124e-12 -5.04037 8.40061 -0.510476 -0.000150346
11.167 3.00207 -0.510399 2.33136e-12 -5.04037 8.40061 -0.510476 -0.000150398
11.1802 3.04715 -0.510399 2.33058e-12 -5.04037 8.40061 -0.510476 -0.00015045
11.1883 3.092 -0.510399 2.33996e-12 -5.04037 8.40061 -0.510476 -0.000150502
11.1914 3.13674 -0.510399 2.33765e-12 -5.04037 8.40061 -0.510476 -0.000150553
11.1894 -3.10172 -0.510399 2.34013e-12 -5.04037 8.40061 -0.510476 -0.000150605
11.1824 -3.05689 -0.510399 2.33041e-12 -5.04037 8.40061 -0.510476 -0.000150657
11.1703 -3.01188 -0.510399 2.33691e-12 -5.04037 8.40061 -0.510476 -0.000150708
11.1532 -2.96655 -0.510399 2.33702e-12 -5.04037 8.40061 -0.510476 -0.000150761
11.1312 -2.92081 -0.510399 2.3721e-12 -5.04037 8.40061 -0.510476 -0.000150813
11.1042 -2.87455 -0.510399 2.44027e-12 -5.04037 8.40061 -0.510476 -0.000150866
11.0723 -2.82766 -0.510399 2.45248e-12 -5.04037 8.40062 -0.510476 -0.00015092
11.0355 -2.78001 -0.510399 2.42273e-12 -5.04037 8.40062 -0.510476 -0.000150974
10.9941 -2.7315 -0.510399 2.4607e-12 -5.04037 8.40062 -0.510476 -0.000151029
10.9479 -2.682 -0.510399 2.43006e-12 -5.04037 8.40062 -0.510476 -0.000151085
10.8972 -2.63139 -0.510399 2.45692e-12 -5.04037 8.40062 -0.510476 -0.000151142
10.842 -2.57953 -0.510399 2.4023e-12 -5.04037 8.40062 -0.510476 -0.0001512
10.7825 -2.52631 -0.510399 2.36411e-12 -5.04037 8.40062 -0.510476 -0.00015126
10.7188 -2.4716 -0.510399 2.47002e-12 -5.04037 8.40062 -0.510476 -0.000151321
10.651 -2.41525 -0.510399 2.52998e-12 -5.04037 8.40062 -0.510476 -0.000151384
10.5794 -2.35714 -0.510399 2.46336e-12 -5.04037 8.40062 -0.510476 -0.000151448
10.5041 -2.29715 -0.510399 2.48002e-12 -5.04037 8.40062 -0.510476 -0.000151514
10.4253 -2.23516 -0.510399 2.43827e-12 -5.04037 8.40062 -0.510476 -0.000151583
10.3433 -2.17106 -0.510399 2.44871e-12 -5.04037 8.40062 -0.510476 -0.000151654
10.2582 -2.10477 -0.510399 2.48312e-12 -5.04037 8.40062 -0.510476 -0.000151727
10.1705 -2.03621 -0.510399 2.43539e-12 -5.04037 8.40062 -0.510476 -0.000151803
10.0803 -1.96535 -0.510399 2.42517e-12 -5.04037 8.40062 -0.510476 -0.000151882
9.98806 -1.89217 -0.510399 2.38365e-12 -5.04037 8.40062 -0.510476 -0.000151965
9.89406 -1.8167 -0.510399 2.39719e-12 -5.04037 8.40062 -0.510476 -0.000152051
9.7987 -1.73903 -0.510399 2.40294e-12 -5.04037 8.40062 -0.510476 -0.00015214
9.7024 -1.65927 -0.510398 2.40524e-12 -5.04037 8.40062 -0.510476 -0.000152234
9.60558 -1.57761 -0.510398 2.40263e-12 -5.04037 8.40062 -0.510476 -0.000152332
9.50873 -1.49426 -0.510398 2.38909e-12 -5.04037 8.40062 -0.510476 -0.000152434
9.41235 -1.40948 -0.510398 2.35589e-12 -5.04037 8.40062 -0.510476 -0.000152542
9.31695 -1.32359 -0.510398 2.41007e-12 -5.04037 8.40062 -0.510476 -0.000152654
9.22309 -1.23689 -0.510398 2.47735e-12 -5.04037 8.40062 -0.510476 -0.000152772
9.13136 -1.14971 -0.510398 2.46536e-12 -5.04037 8.40062 -0.510476 -0.000152895
9.04235 -1.06238 -0.510398 2.53753e-12 -5.04037 8.40062 -0.510476 -0.000153025
8.95668 -0.975186 -0.510398 2.498e-12 -5.04038 8.40063 -0.510476 -0.00015316
8.87498 -0.888391 -0.510398 2.4567e-12 -5.04038 8.40063 -0.510476 -0.000153301
8.79787 -0.80221 -0.510398 2.48601e-12 -5.04038 8.40063 -0.510476 -0.000153448
8.72598 -0.716803 -0.510398 2.53086e-12 -5.04038 8.40063 -0.510476 -0.000153602
8.65991 -0.632274 -0.510398 2.41451e-12 -5.04038 8.40063 -0.510476 -0.000153761
8.60026 -0.548674 -0.510398 2.4265e-12 -5.04038 8.40063 -0.510476 -0.000153926
8.54758 -0.465999 -0.510398 2.41429e-12 -5.04038 8.40063 -0.510476 -0.000154095
8.50236 -0.384199 -0.510397 2.55729e-12 -5.04038 8.40063 -0.510476 -0.00015427
8.46506 -0.303182 -0.510397 2.58615e-12 -5.04038 8.40063 -0.510476 -0.000154449
8.43604 -0.222824 -0.510397 2.60658e-12 -5.04038 8.40063 -0.510476 -0.000154631
8.41562 -0.142972 -0.510397 2.58626e-12 -5.04038 8.40063 -0.510476 -0.000154816
8.40401 -0.0634545 -0.510397 2.57e-12 -5.04038 8.40063 -0.510476 -0.000155002
8.40133 0.0159118 -0.510397 2.58148e-12 -5.04038 8.40063 -0.510476 -0.000155189
8.4076 0.095316 -0.510397 2.57833e-12 -5.04038 8.40063 -0.510476 -0.000155376
8.42277 0.174946 -0.510397 2.57261e-12 -5.04038 8.40063 -0.510476 -0.000155562
8.44666 0.254982 -0.510397 2.56772e-12 -5.04038 8.40063 -0.510476 -0.000155746
8.47904 0.335587 -0.510397 2.54574e-12 -5.04038 8.40063 -0.510476 -0.000155927
8.51957 0.416905 -0.510397 2.51088e-12 -5.04038 8.40064 -0.510476 -0.000156104
8.56784 0.499047 -0.510396 2.5242e-12 -5.04038 8.40064 -0.510476 -0.000156276
8.62338 0.582089 -0.510396 2.35767e-12 -5.04038 8.40064 -0.510476 -0.000156444
8.68567 0.666064 -0.510396 2.34079e-12 -5.04038 8.40064 -0.510476 -0.000156607
8.75415 0.750954 -0.510396 2.29994e-12 -5.04038 8.40064 -0.510476 -0.000156764
8.82821 0.836688 -0.510396 2.26219e-12 -5.04038 8.40064 -0.510476 -0.000156915
8.90724 0.923137 -0.510396 2.31415e-12 -5.04038 8.40064 -0.510476 -0.00015706
8.99061 1.01012 -0.510396 2.31015e-12 -5.04038 8.40064 -0.510476 -0.000157198
9.0777 1.0974 -0.510396 2.33191e-12 -5.04038 8.40064 -0.510476 -0.000157331
9.16787 1.18471 -0.510396 2.32325e-12 -5.04038 8.40064 -0.510476 -0.000157458
9.26053 1.27173 -0.510396 2.2351e-12 -5.04038 8.40064 -0.510476 -0.000157579
9.35507 1.35815 -0.510396 2.29594e-12 -5.04038 8.40064 -0.510476 -0.000157695
9.45093 1.44363 -0.510396 2.27907e-12 -5.04038 8.40064 -0.510476 -0.000157805
9.54757 1.52787 -0.510396 2.30604e-12 -5.04039 8.40064 -0.510476 -0.000157911
9.64446 1.61057 -0.510396 2.28745e-12 -5.04039 8.40064 -0.510476 -0.000158011
9.74113 1.6915 -0.510395 2.28029e-12 -5.04039 8.40064 -0.510476 -0.000158107
9.83711 1.77044 -0.510395 2.27937e-12 -5.04039 8.40064 -0.510476 -0.000158199
9.93197 1.84723 -0.510395 2.28872e-12 -5.04039 8.40064 -0.510476 -0.000158287
10.0253 1.92179 -0.510395 2.29172e-12 -5.04039 8.40064 -0.510476 -0.000158372
10.1168 1.99404 -0.510395 2.32081e-12 -5.04039 8.40064 -0.510476 -0.000158453
10.206 2.06398 -0.510395 2.35678e-12 -5.04039 8.40064 -0.510476 -0.000158531
10.2927 2.13162 -0.510395 2.32281e-12 -5.04039 8.40065 -0.510476 -0.000158606
10.3766 2.19703 -0.510395 2.29705e-12 -5.04039 8.40065 -0.510476 -0.000158678
10.4573 2.26027 -0.510395 2.23266e-12 -5.04039 8.40065 -0.510476 -0.000158748
10.5348 2.32144 -0.510395 2.24176e-12 -5.04039 8.40065 -0.510476 -0.000158816
10.6086 2.38066 -0.510395 2.26308e-12 -5.04039 8.40065 -0.510476 -0.000158881
10.6788 2.43805 -0.510395 2.23377e-12 -5.04039 8.40065 -0.510476 -0.000158945
10.7449 2.49372 -0.510395 2.23244e-12 -5.04039 8.40065 -0.510476 -0.000159007
10.807 2.54783 -0.510395 2.26619e-12 -5.04039 8.40065 -0.510476 -0.000159067
10.8648 2.60048 -0.510395 2.15183e-12 -5.04039 8.40065 -0.510476 -0.000159126
10.9182 2.65182 -0.510395 2.15472e-12 -5.04039 8.40065 -0.510476 -0.000159184
10.9671 2.70197 -0.510395 2.1847e-12 -5.04039 8.40065 -0.510476 -0.000159241
11.0114 2.75106 -0.510395 2.22111e-12 -5.04039 8.40065 -0.510476 -0.000159296
11.0509 2.79921 -0.510395 2.18958e-12 -5.04039 8.40065 -0.510476 -0.000159351
11.0857 2.84654 -0.510395 2.21401e-12 -5.04039 8.40065 -0.510476 -0.000159405
11.1157 2.89317 -0.510395 2.19247e-12 -5.04039 8.40065 -0.510476 -0.000159458
11.1407 2.9392 -0.510395 2.22111e-12 -5.04039 8.40065 -0.510476 -0.000159511
11.1608 2.98476 -0.510395 2.22655e-12 -5.04039 8.40065 -0.510476 -0.000159564
11.1758 3.02995 -0.510395 2.20757e-12 -5.04039 8.40065 -0.510476 -0.000159616
11.1859 3.07488 -0.510395 2.221e-12 -5.04039 8.40065 -0.510476 -0.000159667
11.1909 3.11965 -0.510395 2.23439e-12 -5.04039 8.40065 -0.510476 -0.000159719
11.1908 -3.11882 -0.510395 2.23406e-12 -5.04039 8.40065 -0.510476 -0.00015977
11.1858 -3.07405 -0.510395 2.23421e-12 -5.04039 8.40065 -0.510476 -0.000159822
11.1756 -3.02912 -0.510395 2.20746e-12 -5.04039 8.40065 -0.510476 -0.000159874
11.1604 -2.98392 -0.510395 2.23088e-12 -5.04039 8.40065 -0.510476 -0.000159926
11.1403 -2.93835 -0.510395 2.28806e-12 -5.04039 8.40065 -0.510476 -0.000159978
11.1152 -2.89231 -0.510394 2.31082e-12 -5.04039 8.40065 -0.510476 -0.000160031
11.0851 -2.84567 -0.510394 2.27129e-12 -5.04039 8.40065 -0.510476 -0.000160084
11.0503 -2.79833 -0.510394 2.2029e-12 -5.04039 8.40065 -0.510476 -0.000160138
11.0106 -2.75016 -0.510394 2.21623e-12 -5.04039 8.40065 -0.510476 -0.000160193
10.9662 -2.70105 -0.510394 2.27884e-12 -5.04039 8.40065 -0.510476 -0.000160249
10.9173 -2.65088 -0.510394 2.35856e-12 -5.04039 8.40065 -0.510476 -0.000160305
10.8638 -2.59952 -0.510394 2.30993e-12 -5.04039 8.40065 -0.510476 -0.000160363
10.8059 -2.54684 -0.510394 2.25353e-12 -5.04039 8.40065 -0.510476 -0.000160422
10.7438 -2.49271 -0.510394 2.37277e-12 -5.04039 8.40065 -0.510476 -0.000160483
10.6775 -2.437 -0.510394 2.20357e-12 -5.04039 8.40065 -0.510476 -0.000160545
10.6074 -2.37958 -0.510394 2.21734e-12 -5.04039 8.40066 -0.510476 -0.000160608
10.5334 -2.32033 -0.510394 2.1938e-12 -5.04039 8.40066 -0.510476 -0.000160674
10.4559 -2.25912 -0.510394 2.25664e-12 -5.04039 8.40066 -0.510476 -0.000160742
10.3751 -2.19584 -0.510394 2.29328e-12 -5.04039 8.40066 -0.510476 -0.000160812
10.2912 -2.1304 -0.510394 2.31859e-12 -5.04039 8.40066 -0.510476 -0.000160884
10.2044 -2.06271 -0.510394 2.31348e-12 -5.04039 8.40066 -0.510476 -0.000160959
10.1152 -1.99273 -0.510394 2.35556e-12 -5.04039 8.40066 -0.510476 -0.000161037
10.0237 -1.92044 -0.510394 2.38376e-12 -5.04039 8.40066 -0.510476 -0.000161118
9.93029 -1.84584 -0.510394 2.39359e-12 -5.04039 8.40066 -0.510476 -0.000161203
9.83541 -1.769 -0.510394 2.38161e-12 -5.04039 8.40066 -0.510476 -0.000161291
9.73942 -1.69002 -0.510394 2.38154e-12 -5.0404 8.40066 -0.510476 -0.000161383
9.64274 -1.60907 -0.510394 2.37532e-12 -5.0404 8.40066 -0.510476 -0.000161479
9.54585 -1.52633 -0.510394 2.40452e-12 -5.0404 8.40066 -0.510476 -0.00016158
9.44923 -1.44207 -0.510394 2.44671e-12 -5.0404 8.40066 -0.510476 -0.000161685
9.35338 -1.35657 -0.510394 2.43605e-12 -5.0404 8.40066 -0.510476 -0.000161796
9.25887 -1.27014 -0.510394 2.45626e-12 -5.0404 8.40066 -0.510476 -0.000161911
9.16626 -1.18311 -0.510393 2.54774e-12 -5.0404 8.40066 -0.510476 -0.000162033
9.07614 -1.0958 -0.510393 2.50866e-12 -5.0404 8.40066 -0.510476 -0.00016216
8.98911 -1.00852 -0.510393 2.49445e-12 -5.0404 8.40066 -0.510476 -0.000162293
8.90582 -0.921549 -0.510393 2.48557e-12 -5.0404 8.40066 -0.510476 -0.000162431
8.82687 -0.835112 -0.510393 2.51088e-12 -5.0404 8.40066 -0.510476 -0.000162576
8.75291 -0.749394 -0.510393 2.5242e-12 -5.0404 8.40066 -0.510476 -0.000162727
8.68454 -0.664521 -0.510393 2.49933e-12 -5.0404 8.40066 -0.510476 -0.000162884
8.62237 -0.580564 -0.510393 2.43583e-12 -5.0404 8.40067 -0.510476 -0.000163047
8.56696 -0.49754 -0.510393 2.51887e-12 -5.0404 8.40067 -0.510476 -0.000163215
8.51883 -0.415415 -0.510393 2.53086e-12 -5.0404 8.40067 -0.510476 -0.000163388
8.47844 -0.334112 -0.510393 2.51354e-12 -5.0404 8.40067 -0.510476 -0.000163565
8.44622 -0.253519 -0.510393 2.37854e-12 -5.0404 8.40067 -0.510476 -0.000163746
8.42248 -0.173494 -0.510393 2.38498e-12 -5.0404 8.40067 -0.510476 -0.00016393
8.40747 -0.0938702 -0.510392 2.40563e-12 -5.0404 8.40067 -0.510476 -0.000164116
8.40136 -0.0144693 -0.510392 2.3994e-12 -5.0404 8.40067 -0.510476 -0.000164303
8.40421 0.0648971 -0.510392 2.40369e-12 -5.0404 8.40067 -0.510476 -0.00016449
8.41599 0.144418 -0.510392 2.39542e-12 -5.0404 8.40067 -0.510476 -0.000164676
8.43656 0.224277 -0.510392 2.3741e-12 -5.0404 8.40067 -0.510476 -0.000164861
8.46573 0.304645 -0.510392 2.33769e-12 -5.0404 8.40067 -0.510476 -0.000165043
8.50318 0.385674 -0.510392 2.32703e-12 -5.0404 8.40067 -0.510476 -0.000165221
8.54854 0.467488 -0.510392 2.28462e-12 -5.0404 8.40067 -0.510476 -0.000165396
8.60136 0.550178 -0.510392 2.28351e-12 -5.0404 8.40067 -0.510476 -0.000165566
8.66113 0.633795 -0.510392 2.29106e-12 -5.0404 8.40067 -0.510476 -0.00016573
8.7273 0.718339 -0.510392 2.30704e-12 -5.0404 8.40067 -0.510476 -0.000165889
8.7993 0.80376 -0.510391 2.27063e-12 -5.04041 8.40068 -0.510476 -0.000166043
8.8765 0.889953 -0.510391 2.23555e-12 -5.04041 8.40068 -0.510476 -0.00016619
8.95828 0.976755 -0.510391 2.28884e-12 -5.04041 8.40068 -0.510476 -0.000166331
9.04402 1.06395 -0.510391 2.26752e-12 -5.04041 8.40068 -0.510476 -0.000166466
9.13308 1.15128 -0.510391 2.2109e-12 -5.04041 8.40068 -0.510476 -0.000166595
9.22486 1.23845 -0.510391 2.18026e-12 -5.04041 8.40068 -0.510476 -0.000166719
9.31875 1.32514 -0.510391 2.21112e-12 -5.04041 8.40068 -0.510476 -0.000166836
9.41417 1.41102 -0.510391 2.18137e-12 -5.04041 8.40068 -0.510476 -0.000166949
9.51057 1.49577 -0.510391 2.20135e-12 -5.04041 8.40068 -0.510476 -0.000167056
9.60743 1.57909 -0.510391 2.1535e-12 -5.04041 8.40068 -0.510476 -0.000167158
9.70424 1.66072 -0.510391 2.14473e-12 -5.04041 8.40068 -0.510476 -0.000167256
9.80053 1.74044 -0.510391 2.14573e-12 -5.04041 8.40068 -0.510476 -0.00016735
9.89587 1.81807 -0.510391 2.14984e-12 -5.04041 8.40068 -0.510476 -0.000167439
9.98985 1.89349 -0.510391 2.15405e-12 -5.04041 8.40068 -0.510476 -0.000167525
10.0821 1.96663 -0.510391 2.18003e-12 -5.04041 8.40068 -0.510476 -0.000167607
10.1722 2.03746 -0.510391 2.23399e-12 -5.04041 8.40068 -0.510476 -0.000167686
10.2599 2.10597 -0.510391 2.20535e-12 -5.04041 8.40068 -0.510476 -0.000167762
10.3449 2.17222 -0.510391 2.17537e-12 -5.04041 8.40068 -0.510476 -0.000167836
10.4269 2.23628 -0.51039 2.14273e-12 -5.04041 8.40068 -0.510476 -0.000167907
10.5056 2.29823 -0.51039 2.08811e-12 -5.04041 8.40068 -0.510476 -0.000167975
10.5809 2.35819 -0.51039 2.00662e-12 -5.04041 8.40068 -0.510476 -0.000168041
10.6524 2.41626 -0.51039 2.01705e-12 -5.04041 8.40068 -0.510476 -0.000168106
10.7201 2.47258 -0.51039 1.97531e-12 -5.04041 8.40068 -0.510476 -0.000168168
10.7838 2.52727 -0.51039 2.07501e-12 -5.04041 8.40068 -0.510476 -0.000168229
10.8432 2.58046 -0.51039 2.08433e-12 -5.04041 8.40068 -0.510476 -0.000168289
10.8983 2.63229 -0.51039 2.11275e-12 -5.04041 8.40069 -0.510476 -0.000168347
10.949 2.68288 -0.51039 2.11009e-12 -5.04041 8.40069 -0.510476 -0.000168404
10.995 2.73236 -0.51039 2.06968e-12 -5.04041 8.40069 -0.510476 -0.00016846
11.0364 2.78085 -0.51039 2.1152e-12 -5.04041 8.40069 -0.510476 -0.000168515
11.0731 2.82848 -0.51039 2.19602e-12 -5.04041 8.40069 -0.510476 -0.00016857
11.1049 2.87537 -0.51039 2.17515e-12 -5.04041 8.40069 -0.510476 -0.000168623
11.1318 2.92161 -0.51039 2.14295e-12 -5.04041 8.40069 -0.510476 -0.000168676
11.1538 2.96734 -0.51039 2.13607e-12 -5.04041 8.40069 -0.510476 -0.000168729
11.1708 3.01266 -0.51039 2.13995e-12 -5.04041 8.40069 -0.510476 -0.000168781
11.1827 3.05767 -0.51039 2.13335e-12 -5.04041 8.40069 -0.510476 -0.000168833
11.1897 3.10249 -0.51039 2.13332e-12 -5.04041 8.40069 -0.510476 -0.000168884
11.1916 -3.13597 -0.51039 2.13211e-12 -5.04041 8.40069 -0.510476 -0.000168936
11.1884 -3.09123 -0.51039 2.12896e-12 -5.04041 8.40069 -0.510476 -0.000168987
11.1802 -3.04637 -0.51039 2.1213e-12 -5.04041 8.40069 -0.510476 -0.000169039
11.167 -3.00129 -0.51039 2.11464e-12 -5.04041 8.40069 -0.510476 -0.000169091
11.1487 -2.95588 -0.51039 2.09122e-12 -5.04041 8.40069 -0.510476 -0.000169143
11.1255 -2.91003 -0.51039 2.06257e-12 -5.04041 8.40069 -0.510476 -0.000169196
11.0973 -2.86364 -0.51039 2.04814e-12 -5.04041 8.40069 -0.510476 -0.000169249
11.0643 -2.81658 -0.51039 2.06812e-12 -5.04041 8.40069 -0.510476 -0.000169302
11.0265 -2.76874 -0.51039 2.04436e-12 -5.04041 8.40069 -0.510476 -0.000169357
10.9839 -2.72001 -0.51039 2.0115e-12 -5.04041 8.40069 -0.510476 -0.000169412
10.9367 -2.67026 -0.51039 1.91069e-12 -5.04041 8.40069 -0.510476 -0.000169468
10.8849 -2.61937 -0.51039 1.96221e-12 -5.04041 8.40069 -0.510476 -0.000169526
10.8287 -2.56721 -0.51039 1.98375e-12 -5.04041 8.40069 -0.510476 -0.000169584
10.7682 -2.51366 -0.51039 1.95377e-12 -5.04042 8.40069 -0.510476 -0.000169644
10.7035 -2.45857 -0.51039 1.85651e-12 -5.04042 8.40069 -0.510476 -0.000169706
10.6348 -2.40182 -0.51039 1.90647e-12 -5.04042 8.40069 -0.510476 -0.000169769
10.5623 -2.34329 -0.510389 1.9007e-12 -5.04042 8.40069 -0.510476 -0.000169834
10.4862 -2.28285 -0.510389 1.99951e-12 -5.04042 8.40069 -0.510476 -0.0001699
10.4066 -2.22037 -0.510389 1.99818e-12 -5.04042 8.40069 -0.510476 -0.000169969
10.3238 -2.15577 -0.510389 1.9742e-12 -5.04042 8.40069 -0.510476 -0.000170041
10.2382 -2.08896 -0.510389 1.94089e-12 -5.04042 8.40069 -0.510476 -0.000170115
10.1498 -2.01986 -0.510389 1.88405e-12 -5.04042 8.40069 -0.510476 -0.000170192
10.0591 -1.94846 -0.510389 1.87772e-12 -5.04042 8.40069 -0.510476 -0.000170272
9.96643 -1.87474 -0.510389 1.89426e-12 -5.04042 8.4007 -0.510476 -0.000170355
9.87207 -1.79876 -0.510389 1.89379e-12 -5.04042 8.4007 -0.510476 -0.000170441
9.77646 -1.72059 -0.510389 1.89514e-12 -5.04042 8.4007 -0.510476 -0.000170532
9.67999 -1.64037 -0.510389 1.89232e-12 -5.04042 8.4007 -0.510476 -0.000170626
9.58313 -1.55829 -0.510389 1.89615e-12 -5.04042 8.4007 -0.510476 -0.000170725
9.48634 -1.47459 -0.510389 1.86762e-12 -5.04042 8.4007 -0.510476 -0.000170829
9.39014 -1.38953 -0.510389 1.86251e-12 -5.04042 8.4007 -0.510476 -0.000170938
9.29505 -1.30341 -0.510389 1.85096e-12 -5.04042 8.4007 -0.510476 -0.000171051
9.20163 -1.21658 -0.510389 1.7355e-12 -5.04042 8.4007 -0.510476 -0.00017117
9.11048 -1.12934 -0.510389 1.72462e-12 -5.04042 8.4007 -0.510476 -0.000171295
9.0222 -1.04201 -0.510389 1.66356e-12 -5.04042 8.4007 -0.510476 -0.000171426
8.9374 -0.954894 -0.510389 1.65867e-12 -5.04042 8.4007 -0.510476 -0.000171562
8.85671 -0.868228 -0.510389 1.63425e-12 -5.04042 8.4007 -0.510476 -0.000171705
8.78076 -0.782217 -0.510388 1.71996e-12 -5.04042 8.4007 -0.510476 -0.000171854
8.71017 -0.697009 -0.510388 1.75326e-12 -5.04042 8.4007 -0.510476 -0.000172008
8.64555 -0.612697 -0.510388 1.78346e-12 -5.04042 8.4007 -0.510476 -0.000172169
8.58748 -0.529316 -0.510388 1.73461e-12 -5.04042 8.4007 -0.510476 -0.000172335
8.53649 -0.446854 -0.510388 1.78568e-12 -5.04042 8.4007 -0.510476 -0.000172506
8.49308 -0.365248 -0.510388 1.803e-12 -5.04042 8.4007 -0.510476 -0.000172682
8.45768 -0.284399 -0.510388 1.79168e-12 -5.04042 8.4007 -0.510476 -0.000172861
8.43064 -0.204175 -0.510388 1.76925e-12 -5.04042 8.40071 -0.510476 -0.000173044
8.41226 -0.124418 -0.510388 1.78457e-12 -5.04042 8.40071 -0.510476 -0.000173229
8.40272 -0.0449546 -0.510388 1.78399e-12 -5.04042 8.40071 -0.510476 -0.000173416
8.40212 0.0344017 -0.510388 1.78552e-12 -5.04042 8.40071 -0.510476 -0.000173603
8.41048 0.11384 -0.510387 1.79967e-12 -5.04042 8.40071 -0.510476 -0.00017379
8.4277 0.193547 -0.510387 1.83553e-12 -5.04043 8.40071 -0.510476 -0.000173975
8.4536 0.2737 -0.510387 1.81899e-12 -5.04043 8.40071 -0.510476 -0.000174158
8.4879 0.354457 -0.510387 1.83498e-12 -5.04043 8.40071 -0.510476 -0.000174338
8.53027 0.435956 -0.510387 1.81544e-12 -5.04043 8.40071 -0.510476 -0.000174514
8.58028 0.518301 -0.510387 1.84741e-12 -5.04043 8.40071 -0.510476 -0.000174686
8.63745 0.601557 -0.510387 1.82121e-12 -5.04043 8.40071 -0.510476 -0.000174853
8.70123 0.685746 -0.510387 1.73017e-12 -5.04043 8.40071 -0.510476 -0.000175014
8.77106 0.770839 -0.510387 1.75238e-12 -5.04043 8.40071 -0.510476 -0.000175169
8.84633 0.856751 -0.510387 1.7284e-12 -5.04043 8.40071 -0.510476 -0.000175319
8.92643 0.94334 -0.510387 1.83409e-12 -5.04043 8.40071 -0.510476 -0.000175462
9.01072 1.03041 -0.510387 1.92379e-12 -5.04043 8.40071 -0.510476 -0.0001756
9.09858 1.11773 -0.510386 1.83431e-12 -5.04043 8.40071 -0.510476 -0.000175731
9.18939 1.20499 -0.510386 1.88183e-12 -5.04043 8.40072 -0.510476 -0.000175857
9.28253 1.2919 -0.510386 1.94977e-12 -5.04043 8.40072 -0.510476 -0.000175977
9.37743 1.37813 -0.510386 1.90892e-12 -5.04043 8.40072 -0.510476 -0.000176091
9.47352 1.46335 -0.510386 1.86551e-12 -5.04043 8.40072 -0.510476 -0.0001762
9.57027 1.54725 -0.510386 1.88349e-12 -5.04043 8.40072 -0.510476 -0.000176304
9.66715 1.62956 -0.510386 1.87922e-12 -5.04043 8.40072 -0.510476 -0.000176404
9.7637 1.71003 -0.510386 1.88702e-12 -5.04043 8.40072 -0.510476 -0.000176499
9.85945 1.78848 -0.510386 1.89584e-12 -5.04043 8.40072 -0.510476 -0.00017659
9.954 1.86477 -0.510386 1.92213e-12 -5.04043 8.40072 -0.510476 -0.000176677
10.0469 1.93879 -0.510386 1.8846e-12 -5.04043 8.40072 -0.510476 -0.000176761
10.1379 2.0105 -0.510386 1.86995e-12 -5.04043 8.40072 -0.510476 -0.000176841
10.2266 2.0799 -0.510386 1.84852e-12 -5.04043 8.40072 -0.510476 -0.000176918
10.3127 2.14702 -0.510386 1.85141e-12 -5.04043 8.40072 -0.510476 -0.000176993
10.3958 2.21191 -0.510386 1.8785e-12 -5.04043 8.40072 -0.510476 -0.000177065
10.4758 2.27466 -0.510386 1.88694e-12 -5.04043 8.40072 -0.510476 -0.000177134
10.5525 2.33536 -0.510386 1.93778e-12 -5.04043 8.40072 -0.510476 -0.000177201
10.6255 2.39414 -0.510386 1.9138e-12 -5.04043 8.40072 -0.510476 -0.000177266
10.6947 2.45112 -0.510386 1.84186e-12 -5.04043 8.40072 -0.510476 -0.000177329
10.7599 2.50642 -0.510386 1.86895e-12 -5.04043 8.40072 -0.510476 -0.000177391
10.821 2.56017 -0.510386 1.94e-12 -5.04043 8.40072 -0.510476 -0.000177451
10.8778 2.61251 -0.510386 1.99574e-12 -5.04043 8.40072 -0.510476 -0.00017751
10.9301 2.66356 -0.510386 2.03726e-12 -5.04043 8.40072 -0.510476 -0.000177567
10.978 2.71345 -0.510386 2.02727e-12 -5.04043 8.40072 -0.510476 -0.000177624
11.0212 2.76231 -0.510385 2.00107e-12 -5.04043 8.40072 -0.510476 -0.000177679
11.0596 2.81026 -0.510385 2.03482e-12 -5.04043 8.40072 -0.510476 -0.000177734
11.0933 2.85741 -0.510385 2.03859e-12 -5.04043 8.40072 -0.510476 -0.000177787
11.1221 2.90389 -0.510385 2.0286e-12 -5.04043 8.40072 -0.510476 -0.000177841
11.146 2.94981 -0.510385 2.00984e-12 -5.04043 8.40072 -0.510476 -0.000177893
11.1649 2.99527 -0.510385 1.97997e-12 -5.04043 8.40072 -0.510476 -0.000177946
11.1788 3.04039 -0.510385 1.98153e-12 -5.04044 8.40073 -0.510476 -0.000177997
11.1877 3.08527 -0.510385 1.98147e-12 -5.04044 8.40073 -0.510476 -0.000178049
11.1916 3.13001 -0.510385 1.98541e-12 -5.04044 8.40073 -0.510476 -0.000178101
11.1903 -3.10845 -0.510385 1.9868e-12 -5.04044 8.40073 -0.510476 -0.000178152
11.1841 -3.06365 -0.510385 1.98103e-12 -5.04044 8.40073 -0.510476 -0.000178204
11.1728 -3.01867 -0.510385 1.95755e-12 -5.04044 8.40073 -0.510476 -0.000178256
11.1564 -2.9734 -0.510385 1.96199e-12 -5.04044 8.40073 -0.510476 -0.000178308
11.1351 -2.92774 -0.510385 1.96243e-12 -5.04044 8.40073 -0.510476 -0.00017836
11.1089 -2.88156 -0.510385 1.98996e-12 -5.04044 8.40073 -0.510476 -0.000178413
11.0777 -2.83477 -0.510385 2.0004e-12 -5.04044 8.40073 -0.510476 -0.000178467
11.0417 -2.78725 -0.510385 1.99929e-12 -5.04044 8.40073 -0.510476 -0.000178521
11.001 -2.73888 -0.510385 1.99818e-12 -5.04044 8.40073 -0.510476 -0.000178576
10.9555 -2.68954 -0.510385 2.02482e-12 -5.04044 8.40073 -0.510476 -0.000178631
10.9055 -2.63911 -0.510385 1.99929e-12 -5.04044 8.40073 -0.510476 -0.000178688
10.851 -2.58745 -0.510385 2.06191e-12 -5.04044 8.40073 -0.510476 -0.000178746
10.7921 -2.53445 -0.510385 2.00506e-12 -5.04044 8.40073 -0.510476 -0.000178806
10.729 -2.47997 -0.510385 2.02149e-12 -5.04044 8.40073 -0.510476 -0.000178867
10.6619 -2.42388 -0.510385 2.01261e-12 -5.04044 8.40073 -0.510476 -0.000178929
10.5908 -2.36605 -0.510385 2.03793e-12 -5.04044 8.40073 -0.510476 -0.000178993
10.516 -2.30635 -0.510385 2.06923e-12 -5.04044 8.40073 -0.510476 -0.000179059
10.4377 -2.24467 -0.510385 2.03215e-12 -5.04044 8.40073 -0.510476 -0.000179127
10.3562 -2.18091 -0.510385 2.02061e-12 -5.04044 8.40073 -0.510476 -0.000179198
10.2716 -2.11495 -0.510385 1.95444e-12 -5.04044 8.40073 -0.510476 -0.000179271
10.1842 -2.04674 -0.510385 1.96443e-12 -5.04044 8.40073 -0.510476 -0.000179347
10.0944 -1.97623 -0.510385 1.85751e-12 -5.04044 8.40073 -0.510476 -0.000179425
10.0024 -1.9034 -0.510385 1.86839e-12 -5.04044 8.40073 -0.510476 -0.000179507
9.90867 -1.82828 -0.510385 1.86889e-12 -5.04044 8.40073 -0.510476 -0.000179592
9.8135 -1.75094 -0.510384 1.86181e-12 -5.04044 8.40073 -0.510476 -0.000179681
9.71731 -1.6715 -0.510384 1.87181e-12 -5.04044 8.40073 -0.510476 -0.000179774
9.62054 -1.59011 -0.510384 1.87605e-12 -5.04044 8.40073 -0.510476 -0.000179872
9.52367 -1.507 -0.510384 1.87383e-12 -5.04044 8.40073 -0.510476 -0.000179973
9.42717 -1.42243 -0.510384 1.8614e-12 -5.04044 8.40073 -0.510476 -0.00018008
9.33159 -1.33669 -0.510384 1.85674e-12 -5.04044 8.40074 -0.510476 -0.000180192
9.23746 -1.25009 -0.510384 1.93134e-12 -5.04044 8.40074 -0.510476 -0.000180309
9.14537 -1.16297 -0.510384 1.88249e-12 -5.04044 8.40074 -0.510476 -0.000180431
9.05591 -1.07565 -0.510384 1.72706e-12 -5.04044 8.40074 -0.510476 -0.000180559
8.96969 -0.988416 -0.510384 1.68132e-12 -5.04044 8.40074 -0.510476 -0.000180694
8.88734 -0.901549 -0.510384 1.74571e-12 -5.04044 8.40074 -0.510476 -0.000180834
8.80949 -0.815266 -0.510384 1.77147e-12 -5.04044 8.40074 -0.510476 -0.00018098
8.73677 -0.729736 -0.510384 1.74261e-12 -5.04044 8.40074 -0.510476 -0.000181133
8.66978 -0.645073 -0.510384 1.63913e-12 -5.04044 8.40074 -0.510476 -0.000181291
8.60911 -0.561333 -0.510384 1.66489e-12 -5.04044 8.40074 -0.510476 -0.000181455
8.55533 -0.478522 -0.510383 1.6207e-12 -5.04044 8.40074 -0.510476 -0.000181624
8.50895 -0.396597 -0.510383 1.72085e-12 -5.04044 8.40074 -0.510476 -0.000181798
8.47041 -0.315471 -0.510383 1.71951e-12 -5.04045 8.40074 -0.510476 -0.000181976
8.44012 -0.235025 -0.510383 1.64602e-12 -5.04045 8.40074 -0.510476 -0.000182158
8.41837 -0.155109 -0.510383 1.64069e-12 -5.04045 8.40074 -0.510476 -0.000182342
8.40541 -0.0755552 -0.510383 1.6524e-12 -5.04045 8.40074 -0.510476 -0.000182528
8.40136 0.00381917 -0.510383 1.65309e-12 -5.04045 8.40074 -0.510476 -0.000182715
8.40627 0.0832026 -0.510383 1.63775e-12 -5.04045 8.40075 -0.510476 -0.000182902
8.42009 0.162784 -0.510383 1.63369e-12 -5.04045 8.40075 -0.510476 -0.000183088
8.44267 0.242743 -0.510383 1.63092e-12 -5.04045 8.40075 -0.510476 -0.000183273
8.47377 0.323249 -0.510383 1.5834e-12 -5.04045 8.40075 -0.510476 -0.000183454
8.51308 0.404447 -0.510382 1.55076e-12 -5.04045 8.40075 -0.510476 -0.000183632
8.5602 0.486455 -0.510382 1.42819e-12 -5.04045 8.40075 -0.510476 -0.000183805
8.61467 0.569353 -0.510382 1.47748e-12 -5.04045 8.40075 -0.510476 -0.000183974
8.67596 0.653183 -0.510382 1.51168e-12 -5.04045 8.40075 -0.510476 -0.000184137
8.74353 0.737933 -0.510382 1.52856e-12 -5.04045 8.40075 -0.510476 -0.000184295
8.81678 0.823542 -0.510382 1.48281e-12 -5.04045 8.40075 -0.510476 -0.000184447
8.89509 0.909889 -0.510382 1.4535e-12 -5.04045 8.40075 -0.510476 -0.000184592
8.97784 0.996801 -0.510382 1.34559e-12 -5.04045 8.40075 -0.510476 -0.000184732
9.0644 1.08405 -0.510382 1.30651e-12 -5.04045 8.40075 -0.510476 -0.000184866
9.15414 1.17137 -0.510382 1.3245e-12 -5.04045 8.40075 -0.510476 -0.000184994
9.24646 1.25846 -0.510382 1.3356e-12 -5.04045 8.40075 -0.510476 -0.000185116
9.34075 1.34498 -0.510382 1.30784e-12 -5.04045 8.40075 -0.510476 -0.000185232
9.43645 1.43063 -0.510382 1.30362e-12 -5.04045 8.40075 -0.510476 -0.000185343
9.533 1.51507 -0.510382 1.30485e-12 -5.04045 8.40075 -0.510476 -0.000185449
9.62989 1.59802 -0.510381 1.29019e-12 -5.04045 8.40075 -0.510476 -0.000185551
9.72662 1.67923 -0.510381 1.31004e-12 -5.04045 8.40076 -0.510476 -0.000185648
9.82274 1.75848 -0.510381 1.31037e-12 -5.04045 8.40076 -0.510476 -0.00018574
9.9178 1.83561 -0.510381 1.30174e-12 -5.04045 8.40076 -0.510476 -0.000185829
10.0114 1.91051 -0.510381 1.31295e-12 -5.04045 8.40076 -0.510476 -0.000185914
10.1032 1.98312 -0.510381 1.30151e-12 -5.04045 8.40076 -0.510476 -0.000185995
10.1928 2.05341 -0.510381 1.30407e-12 -5.04045 8.40076 -0.510476 -0.000186074
10.2799 2.1214 -0.510381 1.28808e-12 -5.04045 8.40076 -0.510476 -0.000186149
10.3642 2.18713 -0.510381 1.31628e-12 -5.04045 8.40076 -0.510476 -0.000186222
10.4455 2.2507 -0.510381 1.25588e-12 -5.04045 8.40076 -0.510476 -0.000186292
10.5234 2.31218 -0.510381 1.24634e-12 -5.04046 8.40076 -0.510476 -0.00018636
10.5978 2.37169 -0.510381 1.24634e-12 -5.04046 8.40076 -0.510476 -0.000186426
10.6685 2.42934 -0.510381 1.11933e-12 -5.04046 8.40076 -0.510476 -0.00018649
10.7353 2.48527 -0.510381 1.07092e-12 -5.04046 8.40076 -0.510476 -0.000186552
10.798 2.53961 -0.510381 1.14753e-12 -5.04046 8.40076 -0.510476 -0.000186613
10.8565 2.59247 -0.510381 1.30806e-12 -5.04046 8.40076 -0.510476 -0.000186672
10.9106 2.64401 -0.510381 1.40643e-12 -5.04046 8.40076 -0.510476 -0.00018673
10.9602 2.69433 -0.510381 1.45484e-12 -5.04046 8.40076 -0.510476 -0.000186787
11.0052 2.74357 -0.510381 1.48392e-12 -5.04046 8.40076 -0.510476 -0.000186842
11.0455 2.79186 -0.510381 1.38334e-12 -5.04046 8.40076 -0.510476 -0.000186897
11.081 2.8393 -0.510381 1.35247e-12 -5.04046 8.40076 -0.510476 -0.000186951
11.1117 2.88603 -0.510381 1.29852e-12 -5.04046 8.40076 -0.510476 -0.000187005
11.1375 2.93215 -0.510381 1.30529e-12 -5.04046 8.40076 -0.510476 -0.000187058
11.1583 2.97777 -0.510381 1.30262e-12 -5.04046 8.40076 -0.510476 -0.00018711
11.1742 3.02301 -0.510381 1.27154e-12 -5.04046 8.40076 -0.510476 -0.000187162
11.185 3.06796 -0.510381 1.25633e-12 -5.04046 8.40076 -0.510476 -0.000187214
11.1908 3.11275 -0.510381 1.25591e-12 -5.04046 8.40076 -0.510476 -0.000187265
11.1915 -3.12572 -0.510381 1.25584e-12 -5.04046 8.40076 -0.510476 -0.000187317
11.1872 -3.08096 -0.510381 1.24251e-12 -5.04046 8.40076 -0.510476 -0.000187369
11.1778 -3.03607 -0.510381 1.22979e-12 -5.04046 8.40076 -0.510476 -0.00018742
11.1635 -2.99092 -0.51038 1.23002e-12 -5.04046 8.40076 -0.510476 -0.000187472
11.1441 -2.94542 -0.51038 1.25111e-12 -5.04046 8.40076 -0.510476 -0.000187524
11.1197 -2.89946 -0.51038 1.26676e-12 -5.04046 8.40076 -0.510476 -0.000187577
11.0904 -2.85292 -0.51038 1.21769e-12 -5.04046 8.40076 -0.510476 -0.00018763
11.0563 -2.8057 -0.51038 1.19038e-12 -5.04046 8.40077 -0.510476 -0.000187684
11.0174 -2.75767 -0.51038 1.20659e-12 -5.04046 8.40077 -0.510476 -0.000187739
10.9737 -2.70872 -0.51038 1.19993e-12 -5.04046 8.40077 -0.510476 -0.000187794
10.9255 -2.65872 -0.51038 1.24656e-12 -5.04046 8.40077 -0.510476 -0.000187851
10.8727 -2.60755 -0.51038 1.27343e-12 -5.04046 8.40077 -0.510476 -0.000187908
10.8155 -2.55509 -0.51038 1.19726e-12 -5.04046 8.40077 -0.510476 -0.000187967
10.754 -2.50119 -0.51038 1.2419e-12 -5.04046 8.40077 -0.510476 -0.000188028
10.6884 -2.44574 -0.51038 1.21303e-12 -5.04046 8.40077 -0.510476 -0.000188089
10.6188 -2.3886 -0.51038 1.25788e-12 -5.04046 8.40077 -0.510476 -0.000188153
10.5454 -2.32964 -0.51038 1.24367e-12 -5.04046 8.40077 -0.510476 -0.000188218
10.4685 -2.26874 -0.51038 1.22391e-12 -5.04046 8.40077 -0.510476 -0.000188285
10.3882 -2.20579 -0.51038 1.2621e-12 -5.04046 8.40077 -0.510476 -0.000188355
10.3047 -2.14069 -0.51038 1.2248e-12 -5.04046 8.40077 -0.510476 -0.000188427
10.2184 -2.07337 -0.51038 1.27454e-12 -5.04046 8.40077 -0.510476 -0.000188502
10.1295 -2.00375 -0.51038 1.22713e-12 -5.04046 8.40077 -0.510476 -0.000188579
10.0383 -1.93181 -0.51038 1.22824e-12 -5.04046 8.40077 -0.510476 -0.00018866
9.94518 -1.85758 -0.51038 1.20448e-12 -5.04046 8.40077 -0.510476 -0.000188744
9.8505 -1.78108 -0.51038 1.19946e-12 -5.04046 8.40077 -0.510476 -0.000188831
9.75465 -1.70243 -0.51038 1.20262e-12 -5.04046 8.40077 -0.510476 -0.000188923
9.65806 -1.62178 -0.51038 1.23046e-12 -5.04046 8.40077 -0.510476 -0.000189018
9.56117 -1.53931 -0.51038 1.22458e-12 -5.04046 8.40077 -0.510476 -0.000189118
9.46447 -1.45527 -0.51038 1.18039e-12 -5.04046 8.40077 -0.510476 -0.000189223
9.36847 -1.36994 -0.51038 1.17639e-12 -5.04046 8.40077 -0.510476 -0.000189332
9.27371 -1.28364 -0.510379 1.21458e-12 -5.04046 8.40077 -0.510476 -0.000189447
9.18076 -1.19668 -0.510379 1.23834e-12 -5.04046 8.40077 -0.510476 -0.000189568
9.09021 -1.1094 -0.510379 1.251e-12 -5.04046 8.40077 -0.510476 -0.000189694
9.00267 -1.0221 -0.510379 1.19638e-12 -5.04046 8.40077 -0.510476 -0.000189826
8.91875 -0.935066 -0.510379 1.20082e-12 -5.04047 8.40078 -0.510476 -0.000189964
8.83908 -0.848536 -0.510379 1.08891e-12 -5.04047 8.40078 -0.510476 -0.000190108
8.7643 -0.762699 -0.510379 1.2399e-12 -5.04047 8.40078 -0.510476 -0.000190258
8.69502 -0.677692 -0.510379 1.17639e-12 -5.04047 8.40078 -0.510476 -0.000190414
8.63185 -0.593593 -0.510379 1.15108e-12 -5.04047 8.40078 -0.510476 -0.000190576
8.57534 -0.510427 -0.510379 9.62341e-13 -5.04047 8.40078 -0.510476 -0.000190743
8.52604 -0.428168 -0.510379 9.8388e-13 -5.04047 8.40078 -0.510476 -0.000190915
8.48442 -0.346747 -0.510379 1.01652e-12 -5.04047 8.40078 -0.510476 -0.000191091
8.4509 -0.266055 -0.510379 1.06892e-12 -5.04047 8.40078 -0.510476 -0.000191272
8.42582 -0.185954 -0.510378 1.07714e-12 -5.04047 8.40078 -0.510476 -0.000191455
8.40944 -0.106282 -0.510378 1.05993e-12 -5.04047 8.40078 -0.510476 -0.000191641
8.40193 -0.0268612 -0.510378 1.04639e-12 -5.04047 8.40078 -0.510476 -0.000191828
8.40338 0.0524953 -0.510378 1.04849e-12 -5.04047 8.40078 -0.510476 -0.000192015
8.41377 0.131977 -0.510378 1.06093e-12 -5.04047 8.40078 -0.510476 -0.000192201
8.43298 0.211769 -0.510378 1.05338e-12 -5.04047 8.40078 -0.510476 -0.000192386
8.46082 0.292044 -0.510378 1.03917e-12 -5.04047 8.40078 -0.510476 -0.000192569
8.497 0.372957 -0.510378 1.02762e-12 -5.04047 8.40078 -0.510476 -0.000192748
8.54115 0.454639 -0.510378 1.00342e-12 -5.04047 8.40079 -0.510476 -0.000192923
8.59283 0.537185 -0.510378 9.50795e-13 -5.04047 8.40079 -0.510476 -0.000193094
8.65155 0.620652 -0.510378 9.38361e-13 -5.04047 8.40079 -0.510476 -0.000193259
8.71677 0.70505 -0.510377 9.31699e-13 -5.04047 8.40079 -0.510476 -0.000193419
8.78789 0.790336 -0.510377 9.20153e-13 -5.04047 8.40079 -0.510476 -0.000193573
8.86432 0.876414 -0.510377 9.76996e-13 -5.04047 8.40079 -0.510476 -0.000193721
8.94543 0.963131 -0.510377 1.0183e-12 -5.04047 8.40079 -0.510476 -0.000193863
9.03059 1.05028 -0.510377 9.34364e-13 -5.04047 8.40079 -0.510476 -0.000193999
9.11917 1.13761 -0.510377 9.16822e-13 -5.04047 8.40079 -0.510476 -0.000194129
9.21056 1.22482 -0.510377 9.51461e-13 -5.04047 8.40079 -0.510476 -0.000194254
9.30416 1.3116 -0.510377 8.67972e-13 -5.04047 8.40079 -0.510476 -0.000194372
9.39938 1.39762 -0.510377 9.57234e-13 -5.04047 8.40079 -0.510476 -0.000194485
9.49567 1.48256 -0.510377 9.8288e-13 -5.04047 8.40079 -0.510476 -0.000194593
9.59248 1.56612 -0.510377 1.00631e-12 -5.04048 8.40079 -0.510476 -0.000194697
9.68933 1.64803 -0.510377 1.03118e-12 -5.04048 8.40079 -0.510476 -0.000194795
9.78574 1.72806 -0.510377 1.02597e-12 -5.04048 8.40079 -0.510476 -0.000194889
9.88126 1.80603 -0.510377 1.0334e-12 -5.04048 8.40079 -0.510476 -0.000194979
9.97547 1.8818 -0.510377 1.01985e-12 -5.04048 8.40079 -0.510476 -0.000195066
10.068 1.9553 -0.510377 1.03617e-12 -5.04048 8.40079 -0.510476 -0.000195149
10.1585 2.02648 -0.510377 1.0536e-12 -5.04048 8.40079 -0.510476 -0.000195228
10.2466 2.09536 -0.510376 1.01252e-12 -5.04048 8.40079 -0.510476 -0.000195305
10.332 2.16196 -0.510376 9.42357e-13 -5.04048 8.40079 -0.510476 -0.000195378
10.4145 2.22635 -0.510376 9.18154e-13 -5.04048 8.4008 -0.510476 -0.00019545
10.4938 2.28862 -0.510376 9.89431e-13 -5.04048 8.4008 -0.510476 -0.000195518
10.5696 2.34888 -0.510376 1.17817e-12 -5.04048 8.4008 -0.510476 -0.000195585
10.6417 2.40724 -0.510376 1.17328e-12 -5.04048 8.4008 -0.510476 -0.00019565
10.7101 2.46382 -0.510376 1.15241e-12 -5.04048 8.4008 -0.510476 -0.000195713
10.7744 2.51876 -0.510376 1.25344e-12 -5.04048 8.4008 -0.510476 -0.000195774
10.8345 2.57218 -0.510376 1.21703e-12 -5.04048 8.4008 -0.510476 -0.000195834
10.8903 2.62421 -0.510376 1.23457e-12 -5.04048 8.4008 -0.510476 -0.000195892
10.9416 2.67498 -0.510376 1.23856e-12 -5.04048 8.4008 -0.510476 -0.000195949
10.9884 2.72463 -0.510376 1.20326e-12 -5.04048 8.4008 -0.510476 -0.000196005
11.0305 2.77327 -0.510376 1.22502e-12 -5.04048 8.4008 -0.510476 -0.000196061
11.0679 2.82102 -0.510376 1.24833e-12 -5.04048 8.4008 -0.510476 -0.000196115
11.1005 2.86801 -0.510376 1.30829e-12 -5.04048 8.4008 -0.510476 -0.000196169
11.1282 2.91435 -0.510376 1.26965e-12 -5.04048 8.4008 -0.510476 -0.000196222
11.151 2.96015 -0.510376 1.21403e-12 -5.04048 8.4008 -0.510476 -0.000196274
11.1687 3.00553 -0.510376 1.18938e-12 -5.04048 8.4008 -0.510476 -0.000196326
11.1815 3.05058 -0.510376 1.20276e-12 -5.04048 8.4008 -0.510476 -0.000196378
11.1893 3.09542 -0.510376 1.20934e-12 -5.04048 8.4008 -0.510476 -0.00019643
11.1919 3.14015 -0.510376 1.20919e-12 -5.04048 8.4008 -0.510476 -0.000196481
11.1896 -3.09831 -0.510376 1.20459e-12 -5.04048 8.4008 -0.510476 -0.000196533
11.1822 -3.05348 -0.510376 1.20487e-12 -5.04048 8.4008 -0.510476 -0.000196585
11.1697 -3.00844 -0.510376 1.20859e-12 -5.04048 8.4008 -0.510476 -0.000196636
11.1523 -2.96309 -0.510376 1.1865e-12 -5.04048 8.4008 -0.510476 -0.000196689
11.1298 -2.91732 -0.510376 1.24278e-12 -5.04048 8.4008 -0.510476 -0.000196741
11.1025 -2.87102 -0.510376 1.21436e-12 -5.04048 8.4008 -0.510476 -0.000196794
11.0702 -2.82408 -0.510376 1.24434e-12 -5.04048 8.4008 -0.510476 -0.000196848
11.0331 -2.77638 -0.510376 1.23102e-12 -5.04048 8.4008 -0.510476 -0.000196902
10.9913 -2.7278 -0.510376 1.24789e-12 -5.04048 8.4008 -0.510476 -0.000196957
10.9448 -2.67822 -0.510376 1.12332e-12 -5.04048 8.4008 -0.510476 -0.000197013
10.8937 -2.62752 -0.510376 1.1513e-12 -5.04048 8.4008 -0.510476 -0.00019707
10.8382 -2.57558 -0.510376 1.11799e-12 -5.04048 8.4008 -0.510476 -0.000197129
10.7784 -2.52225 -0.510376 1.13287e-12 -5.04048 8.4008 -0.510476 -0.000197188
10.7144 -2.46742 -0.510375 1.08624e-12 -5.04048 8.4008 -0.510476 -0.00019725
10.6463 -2.41095 -0.510375 1.13487e-12 -5.04048 8.4008 -0.510476 -0.000197312
10.5744 -2.35271 -0.510375 1.08602e-12 -5.04048 8.40081 -0.510476 -0.000197377
10.4988 -2.29258 -0.510375 1.14575e-12 -5.04048 8.40081 -0.510476 -0.000197443
10.4198 -2.23044 -0.510375 1.08269e-12 -5.04048 8.40081 -0.510476 -0.000197512
10.3375 -2.16619 -0.510375 1.07536e-12 -5.04048 8.40081 -0.510476 -0.000197583
10.2522 -2.09973 -0.510375 1.08202e-12 -5.04048 8.40081 -0.510476 -0.000197657
10.1643 -2.03101 -0.510375 1.03517e-12 -5.04048 8.40081 -0.510476 -0.000197733
10.074 -1.95997 -0.510375 1.03628e-12 -5.04048 8.40081 -0.510476 -0.000197812
9.98157 -1.88662 -0.510375 9.87654e-13 -5.04048 8.40081 -0.510476 -0.000197895
9.88745 -1.811 -0.510375 9.73721e-13 -5.04048 8.40081 -0.510476 -0.000197981
9.79201 -1.73317 -0.510375 9.71213e-13 -5.04048 8.40081 -0.510476 -0.000198071
9.69565 -1.65327 -0.510375 9.69502e-13 -5.04049 8.40081 -0.510476 -0.000198165
9.59882 -1.57148 -0.510375 9.92428e-13 -5.04049 8.40081 -0.510476 -0.000198263
9.50199 -1.48802 -0.510375 9.88321e-13 -5.04049 8.40081 -0.510476 -0.000198366
9.40565 -1.40316 -0.510375 9.50129e-13 -5.04049 8.40081 -0.510476 -0.000198474
9.31035 -1.3172 -0.510375 9.16156e-13 -5.04049 8.40081 -0.510476 -0.000198586
9.21663 -1.23045 -0.510375 9.49019e-13 -5.04049 8.40081 -0.510476 -0.000198705
9.12508 -1.14326 -0.510375 9.85212e-13 -5.04049 8.40081 -0.510476 -0.000198829
9.03629 -1.05594 -0.510375 1.01652e-12 -5.04049 8.40081 -0.510476 -0.000198958
8.95089 -0.968768 -0.510375 9.96536e-13 -5.04049 8.40081 -0.510476 -0.000199094
8.86951 -0.882017 -0.510374 9.98313e-13 -5.04049 8.40081 -0.510476 -0.000199236
8.79276 -0.795894 -0.510374 9.35252e-13 -5.04049 8.40081 -0.510476 -0.000199383
8.72127 -0.710553 -0.510374 9.1438e-13 -5.04049 8.40081 -0.510476 -0.000199537
8.65566 -0.626097 -0.510374 1.03473e-12 -5.04049 8.40081 -0.510476 -0.000199697
8.5965 -0.542571 -0.510374 1.00009e-12 -5.04049 8.40082 -0.510476 -0.000199862
8.54435 -0.459967 -0.510374 1.0747e-12 -5.04049 8.40082 -0.510476 -0.000200032
8.4997 -0.378233 -0.510374 1.13354e-12 -5.04049 8.40082 -0.510476 -0.000200207
8.46299 -0.297274 -0.510374 1.13931e-12 -5.04049 8.40082 -0.510476 -0.000200386
8.4346 -0.216963 -0.510374 1.16129e-12 -5.04049 8.40082 -0.510476 -0.000200568
8.41481 -0.137146 -0.510374 1.1694e-12 -5.04049 8.40082 -0.510476 -0.000200753
8.40385 -0.0576504 -0.510374 1.16196e-12 -5.04049 8.40082 -0.510476 -0.000200939
8.40182 0.0217075 -0.510374 1.16479e-12 -5.04049 8.40082 -0.510476 -0.000201126
8.40875 0.101117 -0.510373 1.15408e-12 -5.04049 8.40082 -0.510476 -0.000201313
8.42456 0.180766 -0.510373 1.20104e-12 -5.04049 8.40082 -0.510476 -0.000201499
8.44908 0.260834 -0.510373 1.16329e-12 -5.04049 8.40082 -0.510476 -0.000201683
8.48207 0.341482 -0.510373 1.14087e-12 -5.04049 8.40082 -0.510476 -0.000201863
8.52317 0.422851 -0.510373 1.15952e-12 -5.04049 8.40082 -0.510476 -0.00020204
8.57199 0.505051 -0.510373 1.08891e-12 -5.04049 8.40082 -0.510476 -0.000202212
8.62804 0.588156 -0.510373 1.10578e-12 -5.04049 8.40082 -0.510476 -0.00020238
8.6908 0.672194 -0.510373 1.07736e-12 -5.04049 8.40082 -0.510476 -0.000202542
8.7597 0.757143 -0.510373 1.10623e-12 -5.04049 8.40082 -0.510476 -0.000202698
8.83415 0.842928 -0.510373 1.09512e-12 -5.0405 8.40083 -0.510476 -0.000202849
8.91351 0.929418 -0.510373 1.01386e-12 -5.0405 8.40083 -0.510476 -0.000202993
8.99717 1.01643 -0.510372 1.01563e-12 -5.0405 8.40083 -0.510476 -0.000203132
9.0845 1.10371 -0.510372 9.73888e-13 -5.0405 8.40083 -0.510476 -0.000203264
9.17488 1.19101 -0.510372 8.63087e-13 -5.0405 8.40083 -0.510476 -0.00020339
9.26769 1.27799 -0.510372 8.10907e-13 -5.0405 8.40083 -0.510476 -0.000203511
9.36235 1.36435 -0.510372 8.19123e-13 -5.0405 8.40083 -0.510476 -0.000203626
9.45829 1.44974 -0.510372 8.40661e-13 -5.0405 8.40083 -0.510476 -0.000203736
9.55496 1.53387 -0.510372 8.471e-13 -5.0405 8.40083 -0.510476 -0.000203841
9.65186 1.61645 -0.510372 8.23619e-13 -5.0405 8.40083 -0.510476 -0.000203942
9.74849 1.69723 -0.510372 8.20954e-13 -5.0405 8.40083 -0.510476 -0.000204037
9.8444 1.77602 -0.510372 8.25007e-13 -5.0405 8.40083 -0.510476 -0.000204129
9.93917 1.85265 -0.510372 8.32612e-13 -5.0405 8.40083 -0.510476 -0.000204217
10.0324 1.92704 -0.510372 8.46656e-13 -5.0405 8.40083 -0.510476 -0.000204301
10.1237 1.99912 -0.510372 8.78519e-13 -5.0405 8.40083 -0.510476 -0.000204382
10.2128 2.06889 -0.510372 8.59979e-13 -5.0405 8.40083 -0.510476 -0.00020446
10.2993 2.13637 -0.510372 7.82485e-13 -5.0405 8.40083 -0.510476 -0.000204534
10.3829 2.20161 -0.510372 8.18678e-13 -5.0405 8.40083 -0.510476 -0.000204606
10.4635 2.26469 -0.510372 8.07798e-13 -5.0405 8.40083 -0.510476 -0.000204676
10.5407 2.32572 -0.510372 7.80265e-13 -5.0405 8.40083 -0.510476 -0.000204744
10.6143 2.3848 -0.510372 8.87956e-13 -5.0405 8.40083 -0.510476 -0.000204809
10.6841 2.44205 -0.510372 8.32223e-13 -5.0405 8.40083 -0.510476 -0.000204873
10.75 2.49761 -0.510372 8.66196e-13 -5.0405 8.40083 -0.510476 -0.000204935
10.8117 2.5516 -0.510372 8.23785e-13 -5.0405 8.40083 -0.510476 -0.000204995
10.8692 2.60416 -0.510372 8.92841e-13 -5.0405 8.40083 -0.510476 -0.000205054
10.9223 2.6554 -0.510371 8.08464e-13 -5.0405 8.40084 -0.510476 -0.000205111
10.9709 2.70547 -0.510371 8.2756e-13 -5.0405 8.40084 -0.510476 -0.000205168
11.0148 2.75449 -0.510371 8.25562e-13 -5.0405 8.40084 -0.510476 -0.000205224
11.0541 2.80257 -0.510371 8.14238e-13 -5.0405 8.40084 -0.510476 -0.000205278
11.0885 2.84984 -0.510371 8.56648e-13 -5.0405 8.40084 -0.510476 -0.000205332
11.1181 2.89642 -0.510371 8.79741e-13 -5.0405 8.40084 -0.510476 -0.000205385
11.1428 2.94242 -0.510371 8.42881e-13 -5.0405 8.40084 -0.510476 -0.000205438
11.1625 2.98794 -0.510371 8.88178e-13 -5.0405 8.40084 -0.510476 -0.00020549
11.1773 3.03311 -0.510371 9.12492e-13 -5.0405 8.40084 -0.510476 -0.000205542
11.187 3.07802 -0.510371 9.36529e-13 -5.0405 8.40084 -0.510476 -0.000205594
11.1916 3.12278 -0.510371 9.32462e-13 -5.0405 8.40084 -0.510476 -0.000205646
11.1912 -3.11569 -0.510371 9.33142e-13 -5.0405 8.40084 -0.510476 -0.000205697
11.1858 -3.07092 -0.510371 9.37528e-13 -5.0405 8.40084 -0.510476 -0.000205749
11.1753 -3.02598 -0.510371 9.49463e-13 -5.0405 8.40084 -0.510476 -0.000205801
11.1598 -2.98076 -0.510371 9.79217e-13 -5.0405 8.40084 -0.510476 -0.000205853
11.1393 -2.93517 -0.510371 9.81215e-13 -5.0405 8.40084 -0.510476 -0.000205905
11.1138 -2.88909 -0.510371 9.92761e-13 -5.0405 8.40084 -0.510476 -0.000205958
11.0834 -2.84241 -0.510371 9.42801e-13 -5.0405 8.40084 -0.510476 -0.000206011
11.0482 -2.79501 -0.510371 9.16822e-13 -5.0405 8.40084 -0.510476 -0.000206065
11.0082 -2.74679 -0.510371 9.05942e-13 -5.0405 8.40084 -0.510476 -0.00020612
10.9635 -2.69762 -0.510371 9.37694e-13 -5.0405 8.40084 -0.510476 -0.000206176
10.9142 -2.64737 -0.510371 9.13047e-13 -5.0405 8.40084 -0.510476 -0.000206232
10.8604 -2.59593 -0.510371 9.29479e-13 -5.0405 8.40084 -0.510476 -0.00020629
10.8023 -2.54315 -0.510371 9.15046e-13 -5.0405 8.40084 -0.510476 -0.000206349
10.7399 -2.48892 -0.510371 1.02407e-12 -5.04051 8.40084 -0.510476 -0.00020641
10.6733 -2.43311 -0.510371 1.03251e-12 -5.04051 8.40084 -0.510476 -0.000206472
10.6029 -2.37557 -0.510371 9.9476e-13 -5.04051 8.40084 -0.510476 -0.000206536
10.5287 -2.31619 -0.510371 9.9476e-13 -5.04051 8.40084 -0.510476 -0.000206602
10.451 -2.25484 -0.510371 1.00298e-12 -5.04051 8.40084 -0.510476 -0.000206669
10.3699 -2.19143 -0.510371 1.09779e-12 -5.04051 8.40084 -0.510476 -0.000206739
10.2858 -2.12584 -0.510371 1.07025e-12 -5.04051 8.40084 -0.510476 -0.000206812
10.1989 -2.058 -0.510371 1.0707e-12 -5.04051 8.40084 -0.510476 -0.000206887
10.1095 -1.98787 -0.510371 1.0969e-12 -5.04051 8.40084 -0.510476 -0.000206965
10.0178 -1.91542 -0.51037 1.11122e-12 -5.04051 8.40084 -0.510476 -0.000207047
9.92432 -1.84067 -0.51037 1.1055e-12 -5.04051 8.40085 -0.510476 -0.000207131
9.82935 -1.76369 -0.51037 1.10892e-12 -5.04051 8.40085 -0.510476 -0.00020722
9.7333 -1.68458 -0.51037 1.10603e-12 -5.04051 8.40085 -0.510476 -0.000207312
9.63659 -1.6035 -0.51037 1.1115e-12 -5.04051 8.40085 -0.510476 -0.000207409
9.5397 -1.52066 -0.51037 1.0747e-12 -5.04051 8.40085 -0.510476 -0.00020751
9.44311 -1.43631 -0.51037 1.10156e-12 -5.04051 8.40085 -0.510476 -0.000207615
9.34734 -1.35074 -0.51037 1.11244e-12 -5.04051 8.40085 -0.510476 -0.000207726
9.25294 -1.26427 -0.51037 1.05849e-12 -5.04051 8.40085 -0.510476 -0.000207842
9.16047 -1.17721 -0.51037 1.10933e-12 -5.04051 8.40085 -0.510476 -0.000207964
9.07054 -1.0899 -0.51037 1.17906e-12 -5.04051 8.40085 -0.510476 -0.000208091
8.98375 -1.00264 -0.51037 1.15241e-12 -5.04051 8.40085 -0.510476 -0.000208225
8.90073 -0.915702 -0.51037 1.21014e-12 -5.04051 8.40085 -0.510476 -0.000208364
8.8221 -0.829314 -0.51037 1.08447e-12 -5.04051 8.40085 -0.510476 -0.000208509
8.74849 -0.743655 -0.51037 1.1191e-12 -5.04051 8.40085 -0.510476 -0.000208661
8.68052 -0.658847 -0.51037 1.07914e-12 -5.04051 8.40085 -0.510476 -0.000208818
8.61879 -0.574958 -0.51037 1.108e-12 -5.04051 8.40085 -0.510476 -0.000208981
8.56384 -0.492 -0.510369 1.16618e-12 -5.04051 8.40085 -0.510476 -0.000209149
8.51622 -0.409938 -0.510369 1.15685e-12 -5.04051 8.40085 -0.510476 -0.000209322
8.47637 -0.328692 -0.510369 1.15619e-12 -5.04051 8.40085 -0.510476 -0.0002095
8.4447 -0.248147 -0.510369 1.25988e-12 -5.04051 8.40085 -0.510476 -0.000209681
8.42154 -0.168158 -0.510369 1.23768e-12 -5.04051 8.40086 -0.510476 -0.000209865
8.40713 -0.0885597 -0.510369 1.22652e-12 -5.04051 8.40086 -0.510476 -0.000210051
8.40161 -0.0091716 -0.510369 1.23084e-12 -5.04051 8.40086 -0.510476 -0.000210238
8.40506 0.0701946 -0.510369 1.22519e-12 -5.04051 8.40086 -0.510476 -0.000210425
8.41743 0.149728 -0.510369 1.24112e-12 -5.04051 8.40086 -0.510476 -0.000210611
8.43858 0.229611 -0.510369 1.23812e-12 -5.04052 8.40086 -0.510476 -0.000210796
8.46831 0.310014 -0.510368 1.21414e-12 -5.04052 8.40086 -0.510476 -0.000210977
8.5063 0.391086 -0.510368 1.17439e-12 -5.04052 8.40086 -0.510476 -0.000211156
8.55217 0.472952 -0.510368 1.19194e-12 -5.04052 8.40086 -0.510476 -0.00021133
8.60547 0.555697 -0.510368 1.1191e-12 -5.04052 8.40086 -0.510476 -0.000211499
8.66568 0.639371 -0.510368 1.12887e-12 -5.04052 8.40086 -0.510476 -0.000211664
8.73226 0.72397 -0.510368 1.31006e-12 -5.04052 8.40086 -0.510476 -0.000211822
8.80462 0.809441 -0.510368 1.37845e-12 -5.04052 8.40086 -0.510476 -0.000211975
8.88214 0.895674 -0.510368 1.39178e-12 -5.04052 8.40086 -0.510476 -0.000212122
8.96421 0.982505 -0.510368 1.35758e-12 -5.04052 8.40086 -0.510476 -0.000212263
9.05019 1.06971 -0.510368 1.35314e-12 -5.04052 8.40086 -0.510476 -0.000212397
9.13945 1.15704 -0.510368 1.31783e-12 -5.04052 8.40086 -0.510476 -0.000212526
9.23138 1.24418 -0.510368 1.26432e-12 -5.04052 8.40087 -0.510476 -0.000212649
9.32539 1.33082 -0.510368 1.24989e-12 -5.04052 8.40087 -0.510476 -0.000212766
9.4209 1.41663 -0.510368 1.22258e-12 -5.04052 8.40087 -0.510476 -0.000212878
9.51735 1.50128 -0.510367 1.22791e-12 -5.04052 8.40087 -0.510476 -0.000212985
9.61422 1.5845 -0.510367 1.26543e-12 -5.04052 8.40087 -0.510476 -0.000213087
9.71101 1.666 -0.510367 1.26066e-12 -5.04052 8.40087 -0.510476 -0.000213185
9.80725 1.74558 -0.510367 1.26075e-12 -5.04052 8.40087 -0.510476 -0.000213278
9.90251 1.82307 -0.510367 1.25128e-12 -5.04052 8.40087 -0.510476 -0.000213367
9.99639 1.89834 -0.510367 1.26243e-12 -5.04052 8.40087 -0.510476 -0.000213453
10.0885 1.97132 -0.510367 1.28519e-12 -5.04052 8.40087 -0.510476 -0.000213535
10.1785 2.04199 -0.510367 1.27098e-12 -5.04052 8.40087 -0.510476 -0.000213614
10.266 2.11035 -0.510367 1.30584e-12 -5.04052 8.40087 -0.510476 -0.00021369
10.3508 2.17646 -0.510367 1.32894e-12 -5.04052 8.40087 -0.510476 -0.000213763
10.4326 2.24037 -0.510367 1.38578e-12 -5.04052 8.40087 -0.510476 -0.000213833
10.5111 2.30218 -0.510367 1.38489e-12 -5.04052 8.40087 -0.510476 -0.000213902
10.5861 2.36201 -0.510367 1.43752e-12 -5.04052 8.40087 -0.510476 -0.000213968
10.6575 2.41996 -0.510367 1.53011e-12 -5.04052 8.40087 -0.510476 -0.000214032
10.7249 2.47616 -0.510367 1.5925e-12 -5.04052 8.40087 -0.510476 -0.000214095
10.7883 2.53075 -0.510367 1.67932e-12 -5.04052 8.40087 -0.510476 -0.000214156
